# Created by Octave 2.1.71, Wed Oct 31 10:30:09 2007 ART <scoffey@labu169>
# name: b
# type: matrix
# rows: 1
# columns: 1001
 0 0.0431080177039867 0.38152406951091 0.383208744913416 0.490884099924178 0.521447800020661 0.541795180608997 0.594497895433097 0.603726912769675 0.60916973154274 0.60143034659839 0.522862834081981 0.524457027544581 0.532581413321655 0.532962619077944 0.53714742475819 0.547331091145918 0.548245804421656 0.495039331498224 0.423014740866289 0.378817258779075 0.388823717101003 0.395039972228574 0.376045719119103 0.378529574582871 0.400146285707227 0.414954644414993 0.416753816686911 0.444795927745016 0.450805346907121 0.473171645547816 0.487030479277136 0.496412901037703 0.489550989610334 0.500216606426382 0.499414643262161 0.50285052230767 0.492015079392928 0.485236851376289 0.473964486313954 0.475834352320494 0.476672728526065 0.458943611504327 0.460310540982502 0.445052945629603 0.450969006263074 0.43918219011539 0.441046779942268 0.445099685286487 0.436974012529062 0.437632358035359 0.440659382809849 0.444395133289214 0.441606055914819 0.446353737659524 0.453352960896148 0.466627102447787 0.472034380584599 0.477111499088826 0.477483976516155 0.494178457818769 0.502748876634894 0.502520389069466 0.484509363778128 0.488616707764023 0.48685654729506 0.482669024596343 0.48299987233001 0.483078373168036 0.485081716510127 0.486731519340834 0.492912682683479 0.499321334595345 0.502439162857801 0.505179268869397 0.512464714646628 0.518150289208777 0.524215714955415 0.526591783528719 0.530585252780624 0.534191335247812 0.535585276704505 0.535715792905573 0.538123724266297 0.53877865129282 0.540130972350892 0.541573715824575 0.541625133819995 0.544239648805751 0.545086468519189 0.546374299825091 0.549134635995339 0.557861020719605 0.559793471639644 0.560426604918992 0.560677011612274 0.567462687264302 0.575875109522134 0.576375401262898 0.578075933925866 0.580434806796635 0.580775397276059 0.584522147470012 0.5897569242749 0.589837995859485 0.590762173363637 0.59355997747668 0.599257237724056 0.601810666868375 0.611143499125941 0.615360349305018 0.606966184156162 0.607247250365987 0.602945028798008 0.595932131670459 0.597957373176357 0.60093425405435 0.601495011942503 0.604159597501103 0.599561841330462 0.588837819209466 0.585781390833541 0.588840335327584 0.589557849769783 0.582518945251968 0.577777633129735 0.560928898980985 0.564501011593151 0.562882419010337 0.533596088768339 0.529751343135331 0.52094828517484 0.523103893555662 0.524324397204136 0.518514984606278 0.519068769337007 0.51820235574118 0.51859069075645 0.519515122792415 0.523861178176786 0.525057133574121 0.524268540959454 0.524281501848314 0.527530439358873 0.530712694556714 0.530958461035118 0.532752182475541 0.536696746919869 0.541890491861425 0.542741103250936 0.536337108381607 0.532175291154635 0.535186232933354 0.537266932760766 0.537468939166266 0.538898845430206 0.539187770306799 0.539423173815936 0.542151243686465 0.543082085047079 0.543531919325508 0.543603856591782 0.545727667479854 0.55121641525387 0.551957749991728 0.552480504483755 0.552453542512471 0.55341519122338 0.554231496767578 0.55485860528283 0.556561954200698 0.557171144489373 0.541933850306808 0.54456122768971 0.546034571041502 0.549187242166172 0.549588650218673 0.549789839827712 0.551513419994623 0.55580476506046 0.557264442040173 0.562861484188952 0.562091919053806 0.557482292241853 0.556607158963445 0.55720661805121 0.556351884995212 0.557919408669936 0.555861882585157 0.551700015498926 0.552057409603799 0.552472934250127 0.54917292965498 0.549277445397456 0.551080696632634 0.548647019154793 0.543802686271352 0.543149239127187 0.543704801548215 0.542578885210863 0.540908921798681 0.540974009455206 0.5431266229353 0.544098311684717 0.547876382230916 0.545593252193013 0.546809345368729 0.548907914938565 0.550590834799643 0.554862260768258 0.554196149609134 0.555483147888898 0.554521943403378 0.546066469107876 0.546575972194499 0.546494846910556 0.536883471102682 0.536624606723168 0.537119151580238 0.537879244572288 0.538011059525658 0.536132852973 0.536647355746327 0.531394081591385 0.531803866568781 0.532279197776437 0.534660704387296 0.530970367540272 0.527539617476118 0.526723468712626 0.527699351253972 0.527373783832715 0.527618028964488 0.527696029268205 0.528414821295005 0.528732530954397 0.530119213992042 0.530972565935091 0.531053925881875 0.531704032914919 0.534831207619565 0.53507976559155 0.536335913601539 0.536006054237593 0.531469804595083 0.531578178715346 0.532316465490025 0.530807979350237 0.524806687565944 0.519019400250582 0.518940435726791 0.520466308563589 0.520947314142906 0.521444119018074 0.521682401970501 0.522532820103329 0.524962999537501 0.52540885649814 0.525536246617056 0.528264109467852 0.523803283941364 0.521782988730864 0.521355460238032 0.518724578496847 0.518734387763788 0.52072117037307 0.520966121611266 0.521162269536613 0.52208855587708 0.524369206116057 0.525200353191211 0.525979832431713 0.515009626445706 0.517091238315901 0.517433196507605 0.517799583287971 0.514079199165529 0.514981276534376 0.51521652053068 0.515794615929608 0.515904815907879 0.516854246564098 0.516861935774626 0.517316922453887 0.51674285749242 0.517239191312271 0.516483375864076 0.516972688337601 0.518329744179825 0.519826522310902 0.520088569187182 0.520202251782711 0.521596298558882 0.521954709374688 0.519177786103813 0.517906948035816 0.517385770634375 0.515345846993731 0.512405347889107 0.511887188914831 0.511431245094354 0.506567770722843 0.50395597437762 0.505021219216266 0.507669567799346 0.507952759606442 0.506329568570175 0.5066485226248 0.507368137452354 0.507814634063316 0.508906052314821 0.508822300823794 0.509128940623186 0.509168063801039 0.509443073838292 0.50921267546597 0.508414385852075 0.508265078515292 0.508306446040634 0.508500419701144 0.509250808221487 0.509895586387198 0.510094542493206 0.510585097316051 0.511234715814666 0.512386372217764 0.510433378258389 0.510408618731088 0.50367026578029 0.501887753877497 0.502050612281326 0.501964974699103 0.49868190140019 0.499239302891307 0.4994940537222 0.499576171407851 0.500175244348886 0.503062865378928 0.503117678251597 0.50342389152335 0.503967411398974 0.503278170316852 0.503342139792078 0.498061047309059 0.498992671666842 0.499264794687406 0.498241729567634 0.498760466993262 0.499094231696647 0.499516226282027 0.499674474911257 0.498210431770123 0.497861794698277 0.4963245386718 0.493541419216473 0.493179184502893 0.493428185857021 0.493906437001063 0.494009318415323 0.494302407830778 0.495698941070371 0.49593100099239 0.496246902027946 0.495536752680296 0.492101767928639 0.492279142339484 0.49164970887007 0.493103279874308 0.493922599941877 0.495181218328645 0.49583022241588 0.494687807814911 0.49478713125704 0.495105613625598 0.498740388141142 0.497342631805664 0.499795833145998 0.499181472133687 0.498755724833911 0.492624925738043 0.493269623873704 0.493531727236415 0.491976709520791 0.491089457637981 0.491233968393104 0.491823343358293 0.491890796609268 0.492014731386828 0.492225558097509 0.49237822180835 0.49308572742917 0.493824816556887 0.493916060975947 0.496053070625346 0.494954042812001 0.492608225883786 0.492478040528441 0.491901281443427 0.490903711874187 0.489476110701377 0.489518394996773 0.48858342648391 0.488704353011287 0.489519583219534 0.491143451925918 0.491306174019568 0.493290618526781 0.493475603942774 0.494379726540365 0.495393197622499 0.495454006272761 0.497953273504136 0.498383841611511 0.497462176267081 0.498280433119601 0.498444462259591 0.498876873570989 0.499064433956652 0.497250072017876 0.497038764151644 0.497379594992951 0.497542668952539 0.497555011792591 0.497843666753749 0.498539609785859 0.499381411475002 0.499892157584881 0.498824518123675 0.498867904896603 0.499207600310245 0.499238532529559 0.495122078964174 0.492666593256524 0.492795066759293 0.493157703655782 0.494669070440003 0.495815918646853 0.494424397593698 0.49460704973018 0.495969384271047 0.49601157852463 