# Created by Octave 2.1.71, Wed Oct 31 10:30:09 2007 ART <scoffey@labu169>
# name: q
# type: matrix
# rows: 1
# columns: 1001
 1 1 1.04273852120176 1.04262210513469 1.20701030231387 1.2042610488867 1.19557615035055 1.28514500943278 1.27865525708413 1.28856294154496 1.36551582790095 1.31708609024214 1.31602665365189 1.3277119558198 1.31696286749081 1.31182561947313 1.30496484295438 1.31657843406818 1.27661747938928 1.22466733316707 1.19397046493199 1.19084584918814 1.18984563385833 1.17540303491786 1.17470478538261 1.19209780472314 1.21204217653145 1.21754062910206 1.32738947359187 1.3346696770126 1.37772782141904 1.37518584724899 1.37158532369251 1.3716586887138 1.36389303714137 1.36327858217746 1.36067138492608 1.34886228770232 1.34310413473069 1.33179442208596 1.33061501291134 1.33168566003983 1.3200071300748 1.31847579907157 1.30584724826244 1.30258673746047 1.29152654618131 1.29055728767579 1.29383081799227 1.28467157972435 1.28433871364098 1.28819086351999 1.29260972439602 1.28531135853401 1.28288553077778 1.28795302266212 1.29780708879488 1.30492584641082 1.31307961102295 1.31428128167645 1.38316351360915 1.41573837628832 1.41878227380561 1.39435398154877 1.38991340352162 1.38628696963582 1.37990319573969 1.36904485654624 1.36880601494572 1.36737669754785 1.36736036741384 1.37497908754452 1.39551636588259 1.40712355111731 1.42009743021498 1.44541170700316 1.44608012082984 1.44836884783985 1.45112369596305 1.45974813424025 1.46732806078661 1.47191461126805 1.47262508852977 1.48814139156599 1.49312110417915 1.50633546915615 1.52357069956294 1.5242971086359 1.56442513160066 1.57480239934498 1.59016078907695 1.62581774793062 1.68066849547022 1.69080556663979 1.69556506244144 1.69795378256516 1.73664191373258 1.75768499134744 1.7567912368148 1.75776753622458 1.76293775838952 1.76231842832804 1.75933154638287 1.76236382748038 1.7626084071737 1.76764970050949 1.78974805597443 1.84876513033443 1.87625709483736 1.93174222179794 1.93824535417717 1.92205216627908 1.92139278864492 1.90950585964846 1.89467544790999 1.8901912164394 1.89100428362733 1.89256261856888 1.90665390319643 1.8958447039751 1.87961152004428 1.87383157364834 1.8673784539145 1.86592699956097 1.85346232459044 1.83882220302716 1.81342832924084 1.80681059104939 1.80359446327551 1.75716760103252 1.74986999693509 1.73503903897776 1.7317315540787 1.73241812419868 1.72323419278725 1.72229531058379 1.71936054379908 1.71878073007211 1.71815489390841 1.71292042387883 1.70828893275297 1.70621687879896 1.70619763853578 1.70202671058692 1.69883620361523 1.69899392355524 1.70396926646109 1.71841910069625 1.71817367229904 1.71869696352079 1.7092435748726 1.68750588378611 1.68308106365697 1.68425939505727 1.68439723181283 1.6860844587986 1.68628115752317 1.68695226389928 1.70065281390357 1.7072574966432 1.71049919148505 1.711175197048 1.73194096603454 1.74580781240566 1.74457583053757 1.74235922646348 1.73856394272619 1.7340792453697 1.72949588947634 1.72846963239264 1.72886916487642 1.72922405788135 1.70846162402812 1.70439802742996 1.70535429911244 1.7059830275229 1.70535441338709 1.70548602559092 1.71044193020939 1.71749418724272 1.71842253405754 1.7243701245986 1.72226889974961 1.70935347980793 1.7077831074613 1.70682619752351 1.70457948972803 1.70209002793721 1.6972707569059 1.69184444139368 1.68978047482462 1.68904097025665 1.68287561228819 1.68271730047345 1.68398668540656 1.67798913561539 1.67108433857792 1.65869879736424 1.65754054758084 1.65087720021789 1.6481534964667 1.64754940087192 1.64451270230134 1.64526876081794 1.64604847310355 1.64147700699996 1.6397602723468 1.64142841824207 1.64649693345959 1.64975878885165 1.64765611012973 1.64555160474556 1.64439999123863 1.63362748668747 1.63291629190175 1.63163344803793 1.61952907424164 1.61864146935353 1.61765233306217 1.61491128911278 1.61413881878296 1.61103148507947 1.61035375354431 1.60346925795804 1.60294153812669 1.60325825868996 1.6006084211471 1.5941957755094 1.5902273359552 1.58800437959525 1.58679193154353 1.58382482223578 1.58352311156938 1.58359188075572 1.58574749012151 1.59029209716172 1.58775165657698 1.58668423898276 1.58675593489195 1.58871513650775 1.59508510770645 1.59476713034006 1.59316561828944 1.59133381002103 1.58612865296968 1.5859930775516 1.58664560017454 1.58493554966769 1.57813294261595 1.57149862483448 1.57076587524362 1.56695696003926 1.56638826285306 1.56584053241866 1.56605670947106 1.5686061690367 1.57204772689449 1.57338796451767 1.57403931758229 1.57436519134014 1.56734875555205 1.56410970115287 1.56356568585494 1.56016506086387 1.56015364368284 1.55714082175262 1.55567276322465 1.5554452343074 1.55630520206026 1.55854020769797 1.5610591049303 1.56608766234006 1.55400094719746 1.55137468032795 1.55064995702854 1.55010357684903 1.54583665358782 1.54482334670438 1.54504411668658 1.54596474265184 1.54606807623123 1.54826859151089 1.54827578076564 1.54871212810245 1.5475420525533 1.54676250834954 1.54590295281571 1.54535050619689 1.54455182204106 1.5448669997552 1.54342526336288 1.54329653545508 1.54256293040197 1.53986015619884 1.53616243452898 1.53469540452279 1.53288240929125 1.52974585018271 1.52577621475844 1.52418321844914 1.52281784427268 1.5173849263272 1.51398222287092 1.51287845610469 1.5145252219992 1.51451584067894 1.51170528495654 1.51000726940518 1.50742445760748 1.50696455373632 1.50440200185347 1.50363627589549 1.5033218582685 1.50336144427974 1.50326152006087 1.50229363101702 1.50143784646977 1.49927984662727 1.49685358547959 1.49665757618083 1.49742604555858 1.49753404638423 1.49733207424579 1.49783540845342 1.49887399466866 1.49983793548252 1.49738466079784 1.49724341559026 1.49047276069406 1.48834913955029 1.48807005457947 1.4878009701231 1.48315186928648 1.4826146663147 1.48251117133193 1.48222176398788 1.48164448130492 1.48039201193471 1.47922682193797 1.47893148920699 1.47883649977944 1.4781985077254 1.47813692374466 1.47191253218805 1.47103663840182 1.47102755032924 1.4698710730406 1.46938530185322 1.4697386268519 1.47051350420625 1.47207577719358 1.46944786544178 1.46736759150157 1.46587189377637 1.4621864053967 1.46127431947816 1.46104769514336 1.46155651649738 1.46178021136139 1.46251902827684 1.462429066179 1.46240925547122 1.46274616465079 1.46212333958972 1.45802357798243 1.45625017130867 1.45509088259654 1.4537896009355 1.45467246547831 1.45456996638278 1.45497319383704 1.45283713050319 1.45274812148417 1.4530931049263 1.45283071747807 1.45107435257004 1.44849063304786 1.44733254665992 1.44693729338795 1.44091233012156 1.44035208313341 1.44064155778868 1.43892657907882 1.4378702268308 1.43693625703361 1.43636754269335 1.43483426325727 1.43472820123884 1.43496280330574 1.43537107532237 1.43513901768939 1.43421591990081 1.43413764704063 1.43499856062739 1.43399109830785 1.43177260123978 1.43131480017463 1.43062704949281 1.42969618448507 1.42823932445723 1.42743655223042 1.42652581627898 1.42642496251618 1.42733949347299 1.43234222050887 1.43316330584468 1.44385643781744 1.44515468632088 1.452331242718 1.45776507694415 1.4580714340396 1.46622226744314 1.46717678635724 1.4650561846717 1.46315072725285 1.46299930757443 1.46346227758704 1.4638261572295 1.46240838623379 1.46206546455624 1.46027747305119 1.46012813715219 1.4601413990784 1.46054070765449 1.45990244009661 1.46046012413257 1.461010578908 1.46055668861709 1.46051681821402 1.46088251014311 1.46034854619877 1.45452550688496 1.45211653928637 1.45200204851031 1.45239385123813 1.45700869996952 1.4595082494872 1.45829691611331 1.45789485402755 1.45658470127611 1.45651855106434 1.45651676263883 1.45122991697186 1.45108262418759 1.45083588139945 1.45024201173908 1.44753048153907 1.4455494961503 1.44435312127783 1.44333024786704 1.44315881760659 1.44237571298914 1.4418026163403 1.44165990250372 1.44086003994081 1.44048251321997 1.4389866620874 1.43873316253824 1.43880339167747 1.44027967447545 1.44334600849395 1.44791627003692 1.45264693197817 1.45271335972352 1.4538588236244 1.45694821623337 1.45821806713437 1.46202505352936 