# Created by Octave 2.1.71, Wed Oct 31 10:36:21 2007 ART <scoffey@labu169>
# name: b
# type: matrix
# rows: 1
# columns: 1057
 0 0.0431080177039867 0.382179644446706 0.3838625341193 0.56664585893712 0.57868287744897 0.605512583689067 0.638773252289789 0.713381569214155 0.734815611874151 0.737732283612829 0.788608795899848 0.789814430354924 0.813578806159383 0.818504930685614 0.828382682962723 0.832226715329814 0.840035985457139 0.840569605970048 0.858823404008596 0.865133113263541 0.884614490042512 0.889606237911136 0.866877587812141 0.867442096403529 0.872342549740123 0.789440761022355 0.764561245811774 0.766266577009344 0.768632018434988 0.777465538066549 0.784603645079731 0.79317471228172 0.80892715373575 0.810119188465836 0.807694521339999 0.808943552400305 0.801145348210077 0.791564286043668 0.776382994949759 0.777108097965611 0.77743335381973 0.759604841572153 0.760660683171289 0.740472183699435 0.743022021842639 0.736255359656957 0.737066111914861 0.742630858566472 0.744626248810519 0.747381394018092 0.747658583243589 0.752081336798926 0.75237170992654 0.753866088874508 0.75768657373259 0.759615199775297 0.762462314807401 0.771563942177664 0.773704064277002 0.775716544298819 0.785397411158404 0.794198612338832 0.797963417295796 0.802209345516398 0.804281707617068 0.807703912682424 0.808686995946393 0.811593547954281 0.8164998981195 0.818196698724432 0.820213539786971 0.82230870385646 0.823329519019134 0.826163776783279 0.827033230150493 0.82934925442668 0.830906630914735 0.831915776796568 0.836390669335463 0.837121061550334 0.838350388693781 0.839462358403802 0.842277084910781 0.842475543861933 0.842885531224973 0.843323230964021 0.843338835858744 0.844132834641586 0.844982239648862 0.845236831609345 0.845252282149996 0.84701532287687 0.849631715460005 0.849743711975994 0.850323872846685 0.850514081441592 0.850589327293297 0.850780242463419 0.852817926711616 0.853292758060832 0.857513444611758 0.860155842695967 0.860637990712412 0.860684449462166 0.860878926057152 0.860976319748057 0.862087759061193 0.871611559361903 0.87288195300965 0.873534040170853 0.875373150182173 0.876192665446359 0.870421450119183 0.863148905416153 0.863732392515179 0.864591649227493 0.864753721194272 0.865524772631994 0.868159967790005 0.868498137894742 0.870279617033629 0.871105521015299 0.871922946654744 0.871949944462545 0.873543494658063 0.874701015075676 0.878020000936534 0.876158866474427 0.83692507788625 0.832059012701447 0.820373330203742 0.821094266795975 0.821502772820323 0.82098075975941 0.821188537780211 0.8214565196514 0.821585248990944 0.821891777518499 0.824154676048358 0.826179719954857 0.826633828720913 0.826864957181394 0.826869163950061 0.827080073977041 0.829443697196375 0.829523252988875 0.830104165382578 0.831383357991889 0.832136519012811 0.833098862084132 0.834752749158415 0.835024031174078 0.837567350463761 0.841132340430069 0.842046946000064 0.842679711470911 0.843341377113457 0.843402325668365 0.843833916867221 0.84395897582171 0.846694715369175 0.846828027746829 0.847549232893142 0.84920204423015 0.849422448616087 0.850277179774232 0.85094679426675 0.851618034153205 0.852412265014263 0.853225157210214 0.853407336499002 0.854589216209735 0.855097806461739 0.858967226100341 0.860107817916082 0.860796088415107 0.86085113502303 0.861322947628564 0.862499463016126 0.862595373605741 0.864958733005538 0.866064548089168 0.866220890625245 0.866647139007729 0.868754627269106 0.869011482776241 0.869539398065034 0.869705484898987 0.870763714122383 0.871118998745759 0.871156705350597 0.871499726877624 0.871957540736266 0.872186774964801 0.872562328438332 0.872588740885982 0.873650905311171 0.873774091377103 0.874353775560844 0.875500105018857 0.877596564904042 0.878563438085028 0.879021454149683 0.881059406380826 0.882033433756088 0.882317995763192 0.882809408950152 0.883203815836954 0.884206161315165 0.884416021543021 0.885530420819936 0.886168111980143 0.886350118583517 0.886356175838194 0.888061807467946 0.888198294122181 0.878772289399619 0.878947963115797 0.879435056640589 0.879572400620857 0.87974851322527 0.880299705589169 0.873151030025244 0.87325176685733 0.873368637115694 0.873485915750352 0.874070705850473 0.875388191707403 0.875414504970487 0.875843838065619 0.876109257634642 0.877375882500918 0.877820264083988 0.877838681166619 0.878008424067597 0.878782101202047 0.878833645171506 0.879642130815742 0.879661185526565 0.879813463023811 0.880600821174194 0.880909820517451 0.880967793834202 0.881243959267124 0.881668879010472 0.882001237473065 0.882285261299606 0.882324446561075 0.882349354342983 0.882828769254982 0.882997097550411 0.883266377457549 0.883324227295192 0.884566856335036 0.884617114925437 0.884754121002687 0.884879178257283 0.885590229413826 0.885696455258927 0.885916682648789 0.886025992057789 0.88607842635168 0.886265593722805 0.8868007277302 0.887885223805028 0.887962897912735 0.889280865140166 0.889479775439497 0.889578468017539 0.889593939409474 0.890211011417551 0.891125319203056 0.891391277988501 0.891432507123249 0.891926681954605 0.893408994408098 0.893585533387246 0.893670545024459 0.895770701052345 0.896524282155037 0.896571151537525 0.896686342491437 0.897059059731799 0.89706058764614 0.897487486629306 0.897691446980023 0.897926454795295 0.897937380735026 0.898033814051154 0.89830132938579 0.898596503769888 0.89888635335302 0.899210437245795 0.899232679085812 0.899497527164904 0.899879638361173 0.90042930013466 0.900577660212968 0.900831624745895 0.901060527224294 0.90160500088638 0.901775479517784 0.902055384696029 0.902295374939675 0.903251049634116 0.904441865058267 0.90465021052734 0.904949806242336 0.905405717536119 0.905486924320828 0.90565038013762 0.906102873880427 0.906237703269984 0.906359722728849 0.906555045181365 0.906731975010629 0.906901526074131 0.907051468920352 0.907409896140749 0.907849752585593 0.907982885560869 0.908394988463596 0.908634829572484 0.908721237651285 0.90883567857217 0.909200176460655 0.909436352425549 0.909532623548373 0.909556926337589 0.909577488179959 0.907039293293396 0.901666936742609 0.901771037700944 0.902131474443125 0.902210129659072 0.902281158574294 0.902861321894711 0.901546279504702 0.901603789268355 0.901705876578365 0.901975865071004 0.901980222561678 0.901992190485207 0.902254846280856 0.902505511726163 0.90267890335019 0.903069542327253 0.903119788573125 0.903202637149405 0.903458998574632 0.903497988889384 0.903870217283256 0.904406026582444 0.904646640686709 0.90505034591372 0.905340705254766 0.90554872103738 0.905727868597551 0.905838593558885 0.905883005813135 0.906162391792265 0.906200512518661 0.906392707881888 0.906719608537484 0.906766111191472 0.906777769163329 0.907570659289963 0.907796716036945 0.907906882269008 0.908775734699822 0.90888820965093 0.90896140345941 0.909170688902354 0.909187842915364 0.909435831899829 0.909751977252764 0.910663361876652 0.910724040662019 0.900108074890077 0.900229565991162 0.900278962236218 0.89971714514319 0.898211952302105 0.898419886199921 0.898546520041414 0.898888000020149 0.898911625068978 0.899085180214678 0.899126240313799 0.899140605166962 0.899583551349653 0.899954568730292 0.900357973673048 0.900427263026268 0.896382513458566 0.896223760563852 0.895256901321408 0.893533509085456 0.891091071359487 0.891286182721874 0.889720675163144 0.889745598128711 0.889913630734358 0.890248407901275 0.89028195991206 0.890691212710369 0.891643357490929 0.89008537056105 0.890097944563166 0.890222140256772 0.890485478652918 0.889798655922662 0.888513302519267 0.888945821745161 0.888980200564596 0.88909368008084 0.889254239963031 0.889285082151152 0.88936036670071 0.889438220314565 0.889471246111129 0.889877028055298 0.889910926919565 0.890162956286796 0.890165510356015 0.890542418914704 0.891103629630778 0.89120860501014 0.891242008082108 0.891250752882404 0.891259676900677 0.891617630911814 0.891724171210677 0.892090171088942 0.893384284168325 0.89345696005794 0.893759904545234 0.893989839632573 0.894038683788229 