# Created by Octave 2.1.71, Wed Oct 31 10:36:21 2007 ART <scoffey@labu169>
# name: l
# type: matrix
# rows: 1
# columns: 1057
 0 0 0.113309871309846 0.115725139189823 0.643288633228854 0.680973192552567 0.828650095950171 0.992887415325514 1.4074394737473 1.56637691762435 1.58214484407671 1.91188287802424 1.92379210555906 2.03180429346573 2.00453917230866 1.99169828868336 1.97042303804813 1.92525317887303 1.92550252518471 1.91203006886175 1.91596177358067 1.98181169023588 1.934838942427 1.80381808091338 1.7961689496571 1.76673585906058 1.56894582838923 1.49795101478646 1.4871010482771 1.48217146232689 1.50194190991595 1.52040141563455 1.51464843453587 1.47545124823495 1.47458500053078 1.44944620825401 1.44003200254876 1.40325536085294 1.38219685096828 1.34064800094935 1.33630080066167 1.33581005244174 1.2839268605005 1.27828771452755 1.23368258988858 1.22156176612046 1.18910473629533 1.18544942277471 1.18152456142669 1.18032293335103 1.18916616540372 1.19115312763148 1.22974348781076 1.23181688927834 1.24490504209623 1.28766956211348 1.31347685134152 1.35713999253403 1.5123451071574 1.54501949044956 1.58463822794215 1.76419005101746 1.8689966820008 1.87812065992056 1.88068203233453 1.89240974586501 1.92916295768995 1.93974978380326 1.96950672340992 2.01112144358106 1.99649262281126 1.98543799824668 1.98560769836101 1.99143526034568 2.02365790544489 2.03496177314039 2.07065695593401 2.09356518192197 2.11091072742353 2.17400589232162 2.18662182374275 2.21327960551465 2.23932803424244 2.28551781608856 2.28767510779088 2.29473444928952 2.30505681983433 2.3055244328347 2.33438548907692 2.37071004998834 2.38323994257009 2.38401405393097 2.45971128367215 2.54899949748504 2.55161175429431 2.56878761316678 2.57568960412809 2.57892337164292 2.58840593457718 2.70327123802155 2.73326387342017 2.99478277918207 3.09702741256486 3.11663575335661 3.11859707515906 3.12820312275663 3.13371388636848 3.19831614681916 3.42205710041713 3.41788087819111 3.42086701914128 3.4260230604131 3.40375767889343 3.36160065565817 3.31500689797737 3.30087282207513 3.28636430862105 3.28482464291873 3.28320083151068 3.29332018941095 3.29000281898423 3.26897540151523 3.24816248269435 3.23390503994375 3.23364494080621 3.22468149675549 3.21347136696633 3.14956759935304 3.13848210210139 2.9773572084448 2.9518304120408 2.89978273468743 2.88814437672346 2.88383306518014 2.85680453190306 2.85348879226157 2.84414799102227 2.84209736844151 2.83893252141643 2.81591571102738 2.7924382254332 2.78775544670007 2.78670522621999 2.78671040877435 2.78705874498409 2.79215387625053 2.79225082583739 2.7963663223849 2.81295808827712 2.827193668534 2.85111591319042 2.89074625288792 2.89749230544681 2.96684355671341 3.03341374637314 3.05463153587806 3.07043682023721 3.09116982689076 3.09346867679516 3.11250343032159 3.11881979591619 3.22814221515121 3.23122418419859 3.24790959494402 3.27470112573714 3.27429962604422 3.27841895668413 3.28511051033108 3.29041262176907 3.29670522884995 3.30530407527924 3.30740755903988 3.326513649075 3.33158685014434 3.30379892062277 3.28683058605694 3.27151415078709 3.27061590628069 3.26630762391364 3.26287682761874 3.26269346345097 3.24360624833741 3.23342270535003 3.23315023157844 3.23559357624507 3.25430720172685 3.25533789737999 3.25462885393586 3.25457375877029 3.25462109877447 3.25535811529672 3.25557597453911 3.26022018202095 3.26907097961053 3.27221379556652 3.28022884709067 3.28099979856555 3.31339930115892 3.31699361133481 3.33850001018338 3.37815336889209 3.445291652638 3.46547147017636 3.46973091741325 3.4511871721463 3.43192102619555 3.42600602158902 3.41587557421617 3.41111042137989 3.40758226954113 3.40865594428335 3.41728849511347 3.41871342455714 3.4180439407287 3.41807495753239 3.4100507060231 3.40833142595601 3.36022575329498 3.35535637695888 3.34285353108723 3.3401846223632 3.33822474434972 3.3271930108645 3.2889551741508 3.2863432575922 3.2842350978128 3.28304571363955 3.27774310888651 3.26818034512262 3.26791255378313 3.26698930243743 3.26730916381133 3.2652091064062 3.26222946679271 3.26218993894694 3.26321512450755 3.27022418068727 3.27052595976197 3.27153023376959 3.27148724588588 3.2724091105344 3.28372679054723 3.28914669978327 3.28997954629269 3.29626703768626 3.30765204910047 3.31802280430043 3.32697050481289 3.32852607792671 3.32972652977436 3.3569072439207 3.3675411109374 3.38510706680557 3.38937636083281 3.47629338079955 3.48000452879458 3.49130860768031 3.50271194900895 3.56790196249266 3.57851630311312 3.60244863993592 3.61487515839262 3.62103304984857 3.64465696371643 3.71582760129704 3.83465962754872 3.84179860050121 3.96776516777899 3.98578838333212 3.99562387673504 3.99730583499625 4.05997960659026 4.14356326013441 4.16869284957012 4.17280453980752 4.22176824514597 4.34809552084079 4.36242504494985 4.37012424273535 4.51859640471711 4.53404091746218 4.53515787496532 4.53846210601383 4.54293985773356 4.54294664170838 4.54534395695658 4.54451894883008 4.54192802180657 4.54187001389773 4.54137865553641 4.54229111111266 4.5436195841257 4.54778247073333 4.5539845178209 4.55452429479331 4.56208401437591 4.57312292777993 4.58905035749306 4.59413266339986 4.60459017884026 4.6124275334531 4.62864522846314 4.63448641909893 4.64636591974689 4.65596479722704 4.67800984390795 4.66872730874803 4.66290868071277 4.65529502693871 4.64394930668199 4.64253801802962 4.64142677944383 4.63857315165425 4.63909213411246 4.64046802757993 4.63959637249821 4.64014357536878 4.64034869341254 4.63976985675522 4.63700513157917 4.63345133379002 4.6310914243797 4.62739320426261 4.62245758581739 4.62092315598739 4.61985182355388 4.61703532193183 4.61399018290682 4.6133374980173 4.61344136946413 4.61375659758325 4.59553512984239 4.55383478204596 4.54901383424667 4.53599124951776 4.53387891536499 4.53180862259313 4.51174515279093 4.48017107476951 4.47755407280821 4.47394606658449 4.46476277334842 4.46465320665031 4.46447437684646 4.46081228712677 4.45963054345191 4.46059157765296 4.46677063802209 4.46808379869859 4.47110417019148 4.48309865181207 4.48508338164909 4.49907377942776 4.51386169481338 4.51760236825055 4.52626763688371 4.53122851917223 4.53445617526124 4.53913261972602 4.54319749447916 4.54529959398573 4.55612656700593 4.55699282990002 4.56199855714897 4.56756022122888 4.56777580348671 4.56795488889857 4.57471216060778 4.57575229769808 4.57627240472318 4.56782814102189 4.56589508743219 4.56524479779275 4.56394537631248 4.56402772953742 4.56724504324413 4.56875572314555 4.57366330897111 4.55678972172155 4.49799613866553 4.49252556130941 4.49079641529334 4.46097440190699 4.45069309168952 4.44160116013701 4.4363041805713 4.4227148132532 4.42191508815025 4.41708202415539 4.41543350529113 4.41494713300814 4.40087991112256 4.38689412297203 4.37223177220957 4.36227498998224 4.34097354066819 4.33657663103881 4.32997040645655 4.32102743445526 4.30702767772552 4.29931159743226 4.29059926238117 4.28962959324477 4.28461605162843 4.27766844045404 4.27727784616311 4.2762435884024 4.26209123687738 4.2512202338589 4.25073390321766 4.24706038546375 4.22117803710863 4.21538698737011 4.19727321464434 4.18098964536938 4.18000491277884 4.17256972368 4.16652906428605 4.165647200411 4.16417459150561 4.16335539863228 4.16330660290759 4.16474901107448 4.16500612418542 4.1692070165397 4.16927284170195 4.17525085626813 4.17645776265675 4.17657672385949 4.17682954594119 4.17697613987186 4.17720779863899 4.18833019915866 4.19109408172927 4.20396915382984 4.24105965263877 4.24157699348743 4.2465768935883 4.25253611811409 4.25426276118798 4.27163925548688 4.27173421610535 4.27984359688081 4.28546405901801 4.29383453199237 4.32066419327821 4.32237995120404 4.32384886271976 4.32660130822099 4.33011142070821 4.34456281289792 4.36349668419712 4.38019572749841 4.43699358521999 4.43919287028923 4.46618211616622 4.48952475185979 4.50858679912047 4.51322905262857 4.52285728819115 4.53008180608756 4.54788704454913 4.55237629664905 4.57168742718223 4.62005944059893 4.64095763176667 4.64881719536564 