# Created by Octave 2.1.71, Wed Oct 31 10:36:21 2007 ART <scoffey@labu169>
# name: q
# type: matrix
# rows: 1
# columns: 1057
 1 1 1.11330987130985 1.11572513918982 1.64328863322885 1.68097319255257 1.82865009595017 1.99288741532551 2.40743947374731 2.56637691762435 2.58214484407671 2.91188287802424 2.92379210555906 3.03180429346574 3.00453917230866 2.99169828868336 2.97042303804814 2.92525317887303 2.92550252518471 2.91203006886175 2.91596177358067 2.98181169023588 2.934838942427 2.80381808091338 2.7961689496571 2.76673585906058 2.56894582838923 2.49795101478646 2.4871010482771 2.48217146232689 2.50194190991595 2.52040141563455 2.51464843453587 2.47545124823495 2.47458500053079 2.44944620825401 2.44003200254876 2.40325536085294 2.38219685096828 2.34064800094935 2.33630080066167 2.33581005244174 2.2839268605005 2.27828771452755 2.23368258988859 2.22156176612047 2.18910473629533 2.18544942277471 2.1815245614267 2.18032293335103 2.18916616540373 2.19115312763148 2.22974348781076 2.23181688927834 2.24490504209623 2.28766956211348 2.31347685134152 2.35713999253403 2.5123451071574 2.54501949044956 2.58463822794216 2.76419005101746 2.8689966820008 2.87812065992056 2.88068203233454 2.89240974586501 2.92916295768995 2.93974978380326 2.96950672340992 3.01112144358106 2.99649262281126 2.98543799824668 2.98560769836101 2.99143526034568 3.02365790544489 3.03496177314039 3.07065695593401 3.09356518192197 3.11091072742353 3.17400589232162 3.18662182374275 3.21327960551466 3.23932803424244 3.28551781608856 3.28767510779088 3.29473444928952 3.30505681983434 3.30552443283471 3.33438548907693 3.37071004998834 3.38323994257009 3.38401405393097 3.45971128367216 3.54899949748504 3.55161175429431 3.56878761316678 3.5756896041281 3.57892337164292 3.58840593457718 3.70327123802155 3.73326387342018 3.99478277918207 4.09702741256486 4.11663575335661 4.11859707515906 4.12820312275663 4.13371388636848 4.19831614681916 4.42205710041713 4.41788087819112 4.42086701914128 4.42602306041311 4.40375767889343 4.36160065565818 4.31500689797737 4.30087282207513 4.28636430862106 4.28482464291873 4.28320083151068 4.29332018941095 4.29000281898424 4.26897540151523 4.24816248269435 4.23390503994375 4.23364494080621 4.22468149675549 4.21347136696633 4.14956759935304 4.13848210210139 3.9773572084448 3.95183041204081 3.89978273468743 3.88814437672346 3.88383306518014 3.85680453190307 3.85348879226157 3.84414799102227 3.84209736844151 3.83893252141643 3.81591571102738 3.7924382254332 3.78775544670007 3.78670522621999 3.78671040877435 3.78705874498409 3.79215387625053 3.79225082583739 3.7963663223849 3.81295808827712 3.827193668534 3.85111591319042 3.89074625288792 3.89749230544681 3.96684355671341 4.03341374637314 4.05463153587806 4.07043682023721 4.09116982689076 4.09346867679516 4.11250343032159 4.11881979591619 4.22814221515121 4.2312241841986 4.24790959494402 4.27470112573714 4.27429962604422 4.27841895668413 4.28511051033108 4.29041262176907 4.29670522884995 4.30530407527925 4.30740755903988 4.326513649075 4.33158685014434 4.30379892062277 4.28683058605694 4.27151415078709 4.27061590628069 4.26630762391364 4.26287682761874 4.26269346345097 4.24360624833741 4.23342270535003 4.23315023157844 4.23559357624507 4.25430720172685 4.25533789737999 4.25462885393586 4.25457375877029 4.25462109877447 4.25535811529672 4.25557597453911 4.26022018202095 4.26907097961053 4.27221379556653 4.28022884709067 4.28099979856555 4.31339930115893 4.31699361133481 4.33850001018338 4.37815336889209 4.445291652638 4.46547147017636 4.46973091741325 4.4511871721463 4.43192102619555 4.42600602158902 4.41587557421617 4.41111042137989 4.40758226954113 4.40865594428335 4.41728849511347 4.41871342455714 4.4180439407287 4.4180749575324 4.4100507060231 4.40833142595601 4.36022575329498 4.35535637695889 4.34285353108723 4.3401846223632 4.33822474434972 4.32719301086451 4.2889551741508 4.2863432575922 4.2842350978128 4.28304571363955 4.27774310888651 4.26818034512262 4.26791255378313 4.26698930243743 4.26730916381133 4.2652091064062 4.26222946679271 4.26218993894694 4.26321512450755 4.27022418068727 4.27052595976197 4.27153023376959 4.27148724588588 4.2724091105344 4.28372679054723 4.28914669978327 4.28997954629269 4.29626703768626 4.30765204910047 4.31802280430043 4.32697050481289 4.32852607792671 4.32972652977436 4.3569072439207 4.3675411109374 4.38510706680557 4.38937636083281 4.47629338079955 4.48000452879458 4.49130860768031 4.50271194900895 4.56790196249266 4.57851630311312 4.60244863993592 4.61487515839262 4.62103304984857 4.64465696371644 4.71582760129704 4.83465962754871 4.84179860050121 4.96776516777899 4.98578838333211 4.99562387673503 4.99730583499625 5.05997960659026 5.14356326013441 5.16869284957012 5.17280453980752 5.22176824514597 5.34809552084079 5.36242504494984 5.37012424273535 5.51859640471711 5.53404091746218 5.53515787496532 5.53846210601382 5.54293985773356 5.54294664170838 5.54534395695658 5.54451894883008 5.54192802180657 5.54187001389773 5.54137865553641 5.54229111111265 5.5436195841257 5.54778247073332 5.5539845178209 5.55452429479331 5.56208401437591 5.57312292777993 5.58905035749306 5.59413266339986 5.60459017884026 5.6124275334531 5.62864522846314 5.63448641909893 5.64636591974688 5.65596479722704 5.67800984390795 5.66872730874803 5.66290868071277 5.65529502693871 5.64394930668199 5.64253801802962 5.64142677944383 5.63857315165425 5.63909213411245 5.64046802757992 5.63959637249821 5.64014357536878 5.64034869341254 5.63976985675522 5.63700513157917 5.63345133379002 5.6310914243797 5.62739320426261 5.62245758581738 5.62092315598739 5.61985182355388 5.61703532193183 5.61399018290682 5.6133374980173 5.61344136946413 5.61375659758325 5.59553512984239 5.55383478204597 5.54901383424667 5.53599124951776 5.53387891536499 5.53180862259313 5.51174515279093 5.48017107476951 5.47755407280821 5.47394606658449 5.46476277334842 5.46465320665031 5.46447437684646 5.46081228712677 5.45963054345191 5.46059157765296 5.46677063802209 5.46808379869859 5.47110417019148 5.48309865181207 5.4850833816491 5.49907377942776 5.51386169481338 5.51760236825055 5.52626763688371 5.53122851917224 5.53445617526124 5.53913261972602 5.54319749447917 5.54529959398574 5.55612656700594 5.55699282990003 5.56199855714897 5.56756022122889 5.56777580348672 5.56795488889858 5.57471216060779 5.57575229769808 5.57627240472319 5.5678281410219 5.5658950874322 5.56524479779275 5.56394537631249 5.56402772953743 5.56724504324414 5.56875572314556 5.57366330897112 5.55678972172156 5.49799613866553 5.49252556130942 5.49079641529335 5.46097440190699 5.45069309168953 5.44160116013701 5.4363041805713 5.4227148132532 5.42191508815025 5.4170820241554 5.41543350529113 5.41494713300814 5.40087991112256 5.38689412297203 5.37223177220957 5.36227498998224 5.3409735406682 5.33657663103881 5.32997040645656 5.32102743445526 5.30702767772553 5.29931159743227 5.29059926238117 5.28962959324477 5.28461605162843 5.27766844045405 5.27727784616312 5.2762435884024 5.26209123687738 5.25122023385891 5.25073390321767 5.24706038546376 5.22117803710863 5.21538698737011 5.19727321464434 5.18098964536938 5.18000491277884 5.17256972368 5.16652906428605 5.165647200411 5.16417459150561 5.16335539863228 5.16330660290759 5.16474901107448 5.16500612418542 5.1692070165397 5.16927284170195 5.17525085626813 5.17645776265675 5.17657672385949 5.17682954594119 5.17697613987187 5.17720779863899 5.18833019915866 5.19109408172927 5.20396915382984 5.24105965263877 5.24157699348744 5.2465768935883 5.25253611811409 5.25426276118798 5.27163925548688 5.27173421610535 5.27984359688081 5.28546405901801 5.29383453199237 5.32066419327821 5.32237995120404 5.32384886271976 5.32660130822099 5.33011142070821 5.34456281289792 5.36349668419712 5.38019572749841 5.43699358521999 5.43919287028923 5.46618211616623 5.48952475185979 5.50858679912047 5.51322905262857 5.52285728819115 5.53008180608757 5.54788704454913 5.55237629664905 5.57168742718223 5.62005944059893 5.64095763176667 5.64881719536564 