# Created by Octave 2.1.71, Wed Oct 31 10:42:52 2007 ART <scoffey@labu169>
# name: var_corte
# type: matrix
# rows: 1
# columns: 92
 0 9.67385440889622 3.75113229625741 2.58324457422804 2.07299715030712 9.15626354477458 14.3146904309749 17.2665447517932 30.3914581430086 26.8026544196281 23.4397191376905 19.9405976622241 14.1827316845342 16.2464530515453 21.5127815501881 20.0730847601646 18.5960878058904 16.7453645971101 14.5283686066444 19.7032416704685 22.5469246396378 18.2138210220271 15.2495454589701 12.1020471978204 15.1898160057205 16.0403055122335 14.7820530354347 15.5601552727325 14.1902149594377 13.4693321433562 13.4957788810327 11.1208955168921 9.92758576049236 8.82448074128418 7.94348180226724 7.40562126846309 7.07466701131759 6.88541152384439 6.67344952694587 6.54402792306995 7.49632321033432 6.72770223974306 7.02757615305333 7.60166713141988 6.87989311224365 6.72290500884553 6.7400736056334 6.82565736253547 6.211810671277 6.03368637664315 5.62993242744871 5.32444382331285 5.16650828184436 5.26360693491295 5.07652342345425 4.92602602521201 5.16714177086409 5.06747419474974 4.91188634326508 4.85394049544567 4.75847257901417 4.61969533680259 4.49539580222716 4.41586713949211 4.23973209476884 4.16556599124138 4.06620508678924 3.98818705948374 3.94365215994082 3.88706233259891 3.83809701951263 3.79342469450081 3.75217940349766 3.74265537979804 3.64647265163352 3.60114919202316 3.58655185425367 3.54066749129598 3.48267878251937 3.47077345357916 3.49314355431334 3.54108448382532 3.46819621519477 3.36730467293654 3.37546449672846 3.35626372732055 3.18835984068186 3.17312647326982 3.15619218953814 3.08951939048242 3.04819815224877 3.0508440508755
