# Created by Octave 2.1.71, Wed Oct 31 10:36:21 2007 ART <scoffey@labu169>
# name: aux
# type: matrix
# rows: 1
# columns: 1000
 2.65664362146576 2.77632551073454 4.30002604735576 4.31177094168164 6.13042167994487 6.305567657398 6.73441917693976 7.35450416755135 9.26892110246305 10.0180996333954 10.1295106315865 12.5674274517454 12.639514815179 14.2507596198375 14.6375525875247 15.4800440149563 15.8347237862588 16.6077578701548 16.6633447632743 18.8178756033154 19.6982646055815 23.0240662145928 24.0651606684736 26.1879415914087 26.2994650661925 27.3090363922051 31.8119544315858 33.319669806065 33.5627718480664 33.9059082248108 35.2518054100266 36.4200292619009 37.9293152962439 41.0562866596642 41.3140300261016 43.4504509803517 43.734508197685 45.0742910233213 45.761022006968 47.1792300964396 47.3327116797375 47.401883057522 50.3441209144719 50.5662132051902 52.4825551327784 53.003308007752 54.9182221497512 55.0875615716578 56.2786457944743 56.7183850403576 57.3369752115678 57.3999581017944 58.4239466369578 58.4924555464507 58.8475870022662 59.7754196797206 60.2550025443621 60.9772160464614 63.4067444835289 64.0063936760022 64.5807186441045 67.4939982194565 70.3804134353681 71.6919013145834 73.23089549899 74.0063004475131 75.3233565550639 75.7104140453876 76.8784008822089 78.9339439091868 79.6706476039772 80.5643914007926 81.5143288586565 81.9853247059094 83.3220285228347 83.7408639923605 84.877371619465 85.6591055434098 86.173386610087 88.5303221419818 88.9273155082697 89.6035977576659 90.2242402787887 91.8343839953253 91.9500825730208 92.1900246495169 92.4475711254888 92.4567797549709 92.9277613784715 93.436950168524 93.5906579051404 93.6000023160607 94.6786764631837 96.3260756314137 96.3978741898067 96.7715227848525 96.8946566261759 96.9434544853345 97.067486157888 98.4113515019262 98.729868803419 101.654410198204 103.57520134127 103.933538438553 103.968198045716 104.113534626075 104.186471850813 105.026114074909 112.816906858416 113.944377624563 114.531900669031 116.2220401971 118.335586324486 119.819604378159 121.503717197114 122.023986487643 122.798310440742 122.945465422499 123.650407735895 126.121910133838 126.446245157515 128.437532381028 129.26050843264 130.085487232517 130.11291418651 131.752540865111 132.969679664885 136.587686634217 137.078985699848 144.497254804676 145.746836077803 148.362819754342 148.960677541079 149.301586669629 151.759319750291 151.935663317446 152.489847908981 152.599871980968 152.862500024814 154.8296397747 156.633438609276 157.043718290745 157.253365466995 157.257186441616 157.448992661975 159.630970629362 159.705465060999 160.251534269847 161.467265859727 162.191728679664 163.126917548174 164.759583138835 165.030509335734 167.614505096304 171.375774258911 172.368102255934 173.061392259422 173.792336877722 173.859977676553 174.340468924672 174.480193954572 177.593800690311 177.748368471076 178.589250025973 180.546666063902 180.810937043879 181.843142698246 182.66006443513 183.486369169749 184.473785481763 185.495468065272 185.725994147809 187.235550581778 187.8927261119 193.047810169775 194.621799145043 195.584074136411 195.661446236046 196.32713342201 198.006995177707 198.145207173575 201.61294965201 203.277532386451 203.515095075344 204.165609653295 207.44402333576 207.850800517038 208.69187907833 208.957899282181 210.66891530201 211.249663631879 211.311486853726 211.875566502257 212.63312435619 213.014483876768 213.642228627217 213.686516818219 215.482890720745 215.69318423238 216.688311049747 218.68346288663 222.428955054687 224.199925740334 225.048730517757 228.904761066444 230.794783898383 231.352859258854 232.322987021349 233.107514244566 235.125361355377 235.552267078537 237.845446436653 239.177866915014 239.560902520655 239.573671198654 243.22411812842 243.521044242846 247.818494858381 248.178135200253 249.180797825745 249.464980876442 249.830331265619 250.980742561945 254.088688772572 254.290633122732 254.525322312799 254.76126744463 255.944327098081 258.650355007744 258.704983637155 259.599587735902 260.155745600322 262.842979916071 263.798969701432 263.838740125241 264.205853614815 265.892155965843 266.005266054744 267.792115891435 267.834518680191 268.173867589035 269.942295834876 270.642706166716 270.774519697158 271.404201875807 272.378797593657 273.145986981685 273.805037575377 273.896213029203 273.954199511993 275.075103744334 275.470845408506 276.106298691416 276.243196902427 279.216933973356 279.338555559681 279.670637540007 279.974447412041 281.714474977997 281.976281016029 282.520610386993 282.791568314236 282.921727824221 283.387318824908 284.72699344054 287.481182649702 287.68049023557 291.104952128104 291.628872282942 291.889524392368 291.930427375495 293.571230313616 296.036582767568 296.761511010366 296.874207914393 298.231691558678 302.379063543478 302.880702962374 303.122859610736 309.230598099138 311.482627270376 311.623777429282 311.97122655701 313.100777679544 313.105424987679 314.409308612768 315.036108923793 315.76142856995 315.795231252685 316.093890863061 316.925366461314 317.847901219267 318.759035222667 319.783989257283 319.854573492972 320.697466876476 321.921414639974 323.698522724318 324.181552376232 325.011762776691 325.763697226324 327.566326981913 328.134851611445 329.072592229891 329.880887758764 333.139412170846 337.290890751375 338.027893205563 339.093348249363 340.727659362964 341.020416714044 341.61121687665 343.257454035312 343.75105535058 344.198985653442 344.918444399626 345.572756115616 346.202113674831 346.760600502857 348.102951715361 349.764535173651 350.270584439569 351.846344566296 352.769970243828 353.103916219903 353.547176661131 354.966421703132 355.892119147922 356.270842785755 356.366575657773 356.447612483748 361.101282013913 364.407956447751 364.794148224627 366.1376364769 366.432131548455 366.698480150491 368.888596507698 371.886092158982 372.103448915983 372.489911898949 373.515863210934 373.532467940441 373.57808071389 374.581940693578 375.545018203193 376.214106025288 377.730284707027 377.926191884345 378.24965779307 379.254087205772 379.407319620943 380.876439525456 383.011272202071 383.977760586415 385.61035030458 386.793177279113 387.645035362616 388.381686388369 388.838386737625 389.021873146676 390.180121518605 390.338693276905 391.140140314183 392.510888938774 392.706663225229 392.755773434104 396.124965213922 397.096153193197 397.571178776453 401.357788446204 401.853253385035 402.176338001705 403.103017418547 403.179161787617 404.28317447814 405.69940768736 409.838226987637 414.023189249761 419.43491171769 419.945660315353 420.153677993589 423.666802575608 424.645492801239 425.514739637106 426.045865490198 427.484726684881 427.584632807111 428.320000649054 428.494345907293 428.555374018462 430.445771155034 432.042074559337 433.791215105559 435.025969435031 437.160671144544 437.603913851426 438.271565004114 439.17862944521 440.606155440673 441.396922147398 442.297642011117 442.397623224701 443.07288598301 444.424398819141 444.560304748653 446.22474137124 450.145779792284 451.323037685931 451.374673997994 451.885330617137 455.565687178112 456.191538033921 458.160280457105 459.944662935574 460.087091174479 461.266029288254 461.934775606818 462.063458168534 462.377868459656 462.703458262284 462.841713238882 464.547195818255 464.690240190382 465.756506936409 465.767337544915 467.37117068409 469.77982497149 470.23312658921 470.377550283433 470.415374524522 470.453980216306 472.007746670119 472.472188706332 474.074681873964 479.82905158983 480.156355965664 481.525525679378 482.569950227173 482.792396706758 484.847281159825 484.857018640708 485.544393234814 485.950822495464 486.521955884531 489.102860567703 489.331046758345 489.484759499547 489.722232696373 489.979955161122 490.904904621756 491.981119143349 492.83515044994 495.696339917702 495.810365600311 497.095190367417 498.199185349549 499.025602105291 499.211126718641 499.572848516729 499.840791716733 500.464252468308 500.619759715898 501.287496517804 503.020437487326 503.807336501052 