# Created by Octave 2.1.71, Wed Oct 31 10:36:21 2007 ART <scoffey@labu169>
# name: aux
# type: matrix
# rows: 1
# columns: 1000
 2.65664362146576 3.26356090878941 5.93777049464593 6.84968753907828 7.10069837035903 9.7520414392757 9.93411828934134 10.8168565181289 13.255925591407 13.2831698174205 13.3239366394299 13.8807103778311 14.0927874110023 15.2850907850035 15.5092422967463 15.8203731094078 17.2605432335173 17.8066470189212 21.753446210047 22.4155318569658 22.8140573404055 23.9569126508732 24.7412331958348 26.1879415914087 27.7733970288446 28.5080550834112 31.8119544315858 33.319669806065 35.5130304840519 36.2492565858521 37.1421079960143 37.7744645170148 41.1430428813011 41.9475809382044 42.7385215464285 43.4504509803517 44.0061572924087 45.0742910233213 45.761022006968 47.1792300964396 47.8148937130848 48.3071296194288 50.3441209144719 50.6748586349913 52.4825551327784 53.5600115347635 54.9182221497512 56.2903148643545 57.9673843122221 58.2588831111736 58.6347243158414 60.0296507565633 61.9764141523922 63.3981654426643 65.6438149165116 65.686389105668 67.6589532120967 68.7230572267683 69.909257598162 70.7030432163816 70.8876421877052 71.3443488421599 75.3159172174744 75.9623821896406 76.5077535369879 78.5872335840096 78.6343504372407 78.691295398075 78.9745405831663 79.2094602089535 83.4408620009944 84.5372963549814 85.3314368587067 86.2422449240845 87.2379019406621 89.4133109418298 90.6795907239712 90.9220848126619 90.9448643394359 91.3674402157925 93.5919405944539 93.6438258565781 93.8786823842835 94.3865933805149 95.4461271656298 95.5164084505589 95.8420083235233 96.3301147735715 99.2486831102875 101.046383822606 101.227218991108 101.851507522954 101.991439984914 102.096314668561 103.856248617626 104.366530258575 105.176787727444 106.333624209832 106.351772466808 106.559162146808 107.192751706875 108.5103009282 109.113042916564 110.26555364536 112.535927721053 112.799812391622 114.656206040096 115.718164919028 116.897966844667 117.25483145154 117.635020044379 117.706613242615 118.335586324486 119.819604378159 121.503717197114 125.811709810445 125.956910128396 126.101812346618 127.466932030309 127.497780311819 128.224654097118 128.437532381028 131.188724114939 131.518491564965 133.50650843053 133.660074311467 134.64035026858 136.615477533687 137.078985699848 144.497254804676 145.746836077803 148.362819754342 150.729414695838 150.859618742844 151.759319750291 152.092645477906 152.489847908981 152.916252823751 155.076412263992 155.984853464709 157.271121356613 158.235547028612 159.193123885479 163.270877076767 164.371361570275 166.526667533224 167.36220171653 167.394063447021 172.089217774884 175.386011130604 175.483460662124 175.562948718644 176.490091012471 176.808973355574 177.6411148925 177.665861551572 178.399990949322 179.844328957456 179.882259923848 179.979238457681 180.183987674772 180.336234934585 182.475947079361 183.042213041776 183.946532066444 185.35028850623 186.748269625661 187.377714090225 187.604005902664 188.074141719906 188.177424815331 189.157421380608 192.817043789194 193.371556470373 194.628308991733 194.782473360854 197.77503350495 198.340308090145 198.919125936798 201.174395992983 205.541598935831 207.536892679816 207.668831274996 207.917588139704 208.748102927903 209.403452128997 210.972480572288 212.439555381546 212.642483413607 214.351431121926 215.118799988427 217.225853573861 217.517053892706 221.200682931782 221.552257693791 222.156332477482 224.203228251379 224.446854884554 224.636080430962 224.86721699545 225.823798922573 226.258558708366 228.342440207307 229.207096533443 230.67872216084 231.341601233936 236.249422002499 238.115759192947 238.47668010891 239.173135807579 240.496772921862 240.852503765313 241.097876988346 242.722893926775 244.064778871433 244.451133784167 244.772880664355 247.818494858381 248.426956525245 249.847517868943 250.23129291728 250.483761804346 251.605677680001 254.088688772572 254.922015456586 257.328002118247 258.250876259218 259.831289710383 260.32208261187 262.99250565909 263.116955295003 265.330994869613 265.388225702212 266.002995869999 267.052923347 267.496784527635 270.416720012916 270.433045403334 271.870191028119 273.169303199927 275.375475498849 277.017614730092 277.105489251298 280.0738472579 282.675510210639 284.420031820085 285.012246791639 285.25952191846 285.330258655543 286.854144803713 287.016209831167 287.508896439294 289.806027319994 290.862532991549 292.404101426026 292.684202305328 292.689744655315 293.809395814826 296.348868333503 297.23861955183 297.772067838624 299.094350036715 299.579393200697 301.960834291852 303.557023725559 303.705862762818 305.068398408366 307.668437121615 308.04671952457 308.634763666999 308.920615645152 309.427535919407 309.599398838676 310.13939283512 311.798195195983 312.12039631753 312.186723304798 312.759418395508 312.828576232198 313.835673196275 313.836854244218 314.608152675218 314.919179273176 315.338264042979 315.801750563671 316.833214322436 319.253894366129 320.217681121971 321.267247677383 322.764277244161 324.836844186185 324.927700008858 325.960011669351 326.575844398027 328.888090897319 329.528351021989 330.072891619414 330.355808506132 332.431745838781 332.886131856433 333.565439913415 335.267034191305 336.115283297408 336.352292609264 336.535275376278 338.283363339949 339.567125714917 341.687628465716 344.062974916779 344.266089372883 344.292022343256 345.526038203796 346.046647614058 346.537100457155 346.582522284262 347.999338563835 349.606976903711 349.737538201245 351.539588039556 352.121514924342 352.256764064622 353.443640776089 354.846379827986 355.37956618807 357.033710405947 357.178323085312 358.664534239195 358.937938509701 359.134216976027 359.443104732505 359.632562573921 361.101282013913 364.407956447751 366.4049413668 366.614202044421 367.03236676895 369.352114215304 370.207054786376 371.886092158982 372.623905723538 373.676455257887 379.314972530735 379.689289176426 379.930540926 380.236027591677 381.944963119478 382.421673972062 382.857226105639 384.899030727703 386.268887031088 386.310305582754 389.257534434425 389.610458960205 389.686467300741 390.072597163124 390.289299895686 391.325319965718 391.498030143403 392.227609546332 392.4629740625 393.307093208192 394.037175303287 395.513324754568 397.101404244028 398.197457109115 398.818033109274 399.775270011029 399.860121871824 402.097638893272 404.018681419647 404.263041725444 407.073870758943 409.033545577885 409.494919463161 411.755519898175 412.77725198943 413.312380147257 413.662307856244 414.023189249761 419.43491171769 421.126435513941 422.323050694883 423.666802575608 424.645492801239 425.617032598823 426.619844449633 428.090419215793 428.260482580642 428.383716942762 428.955804127699 430.89993912821 430.97429383901 433.354969988256 434.858388374856 435.025969435031 437.160671144544 437.603913851426 438.271565004114 439.17862944521 440.606155440673 441.415952254011 442.297642011117 447.403016571727 447.558836103118 448.322049866184 448.838243421667 449.398254988248 450.257026239349 451.323037685931 453.456139127477 454.154108847107 455.565687178112 456.191538033921 458.160280457105 460.648317549984 461.024231753787 461.266029288254 463.790296474393 465.786115943227 466.098451015807 466.879049595779 467.493166355946 468.238274010561 469.915753059068 471.511566481938 471.814059782783 474.729396313073 476.729690240784 479.153594040131 479.3078488845 479.423692679585 483.520285506363 486.188345710646 487.517695767485 487.585017610477 487.691009697669 487.692830070067 488.261335230103 494.331608211355 494.830289677628 496.942628123635 499.504394545435 500.353711752599 500.652977948981 501.930982134897 502.344679985939 502.381406744134 504.027571708476 507.777282320926 508.025335584786 509.938885980818 510.963989863473 511.966259021078 514.031385507877 515.633982267119 517.439307926007 520.143978954777 520.451271412262 523.229271952593 528.248053436239 528.382430959611 529.064120191086 530.601132429615 531.389973192861 531.430228877638 532.21000319994 