# Created by Octave 2.1.71, Wed Oct 31 10:42:52 2007 ART <scoffey@labu169>
# name: resultados
# type: matrix
# rows: 1
# columns: 13
 14.8393427558886 15.8754678966595 0.766630434782608 0.879336846728151 7.01700614176308 16.3369565217391 92 1.64174447589659 1.89014134912081 0.000151137864945369 8.30775353703236e-05 0.520523177315517 1.66395485849288
