# Created by Octave 2.1.71, Wed Oct 31 10:36:21 2007 ART <scoffey@labu169>
# name: times
# type: matrix
# rows: 1
# columns: 2057
 2.65664362146576 2.77632551073454 3.26356090878941 4.30002604735576 4.31177094168164 5.93777049464593 6.13042167994487 6.305567657398 6.73441917693976 6.84968753907828 7.10069837035903 7.35450416755135 9.26892110246305 9.7520414392757 9.93411828934134 10.0180996333954 10.1295106315865 10.8168565181289 12.5674274517454 12.639514815179 13.255925591407 13.2831698174205 13.3239366394299 13.8807103778311 14.0927874110023 14.2507596198375 14.6375525875247 15.2850907850035 15.4800440149563 15.5092422967463 15.8203731094078 15.8347237862588 16.6077578701548 16.6633447632743 17.2605432335173 17.8066470189212 18.8178756033154 19.6982646055815 21.753446210047 22.4155318569658 22.8140573404055 23.0240662145928 23.9569126508732 24.0651606684736 24.7412331958348 25.3583832579913 26.1879415914087 26.2994650661925 27.3090363922051 27.7733970288446 28.5080550834112 28.5998554709627 31.8119544315858 32.1732291724683 33.319669806065 33.5627718480664 33.9059082248108 35.2518054100266 35.5130304840519 36.2492565858521 36.4200292619009 37.1421079960143 37.7744645170148 37.9293152962439 41.0562866596642 41.1430428813011 41.3140300261016 41.9475809382044 42.7385215464285 42.9394327556853 43.4504509803517 43.734508197685 44.0061572924087 44.4668183509705 45.0742910233213 45.1860231596944 45.761022006968 46.1673832550914 47.1792300964396 47.3327116797375 47.401883057522 47.8148937130848 48.3071296194288 48.7917161260687 50.3441209144719 50.5662132051902 50.6748586349913 50.9643551284396 52.4825551327784 53.003308007752 53.5600115347635 54.0545183280697 54.9182221497512 55.0875615716578 56.2786457944743 56.2903148643545 56.7183850403576 57.3369752115678 57.3999581017944 57.9673843122221 58.2588831111736 58.4239466369578 58.4924555464507 58.6347243158414 58.8475870022662 59.7754196797206 60.0296507565633 60.2550025443621 60.9772160464614 61.9764141523922 63.3981654426643 63.4067444835289 64.0063936760022 64.5807186441045 65.6438149165116 65.686389105668 67.4939982194565 67.6589532120967 68.7230572267683 69.909257598162 70.3804134353681 70.7030432163816 70.8876421877052 71.3443488421599 71.6919013145834 73.23089549899 74.0063004475131 75.3159172174744 75.3233565550639 75.7104140453876 75.9623821896406 76.5077535369879 76.8784008822089 78.5872335840096 78.6343504372407 78.691295398075 78.9339439091868 78.9745405831663 79.2094602089535 79.6706476039772 80.5643914007926 81.5143288586565 81.9853247059094 83.3220285228347 83.4408620009944 83.7408639923605 84.5372963549814 84.877371619465 85.3314368587067 85.6591055434098 86.173386610087 86.2422449240845 87.2379019406621 88.5303221419818 88.9273155082697 89.4133109418298 89.6035977576659 90.2242402787887 90.6795907239712 90.9220848126619 90.9448643394359 91.3674402157925 91.8343839953253 91.9500825730208 92.1900246495169 92.4475711254888 92.4567797549709 92.9277613784715 93.436950168524 93.5906579051404 93.5919405944539 93.6000023160607 93.6438258565781 93.8786823842835 94.3865933805149 94.6786764631837 95.4461271656298 95.5164084505589 95.8420083235233 96.3260756314137 96.3301147735715 96.3978741898067 96.7715227848525 96.8946566261759 96.9434544853345 97.067486157888 98.4113515019262 98.729868803419 99.2486831102875 101.046383822606 101.227218991108 101.654410198204 101.851507522954 101.991439984914 102.096314668561 103.57520134127 103.856248617626 103.933538438553 103.968198045716 104.113534626075 104.186471850813 104.366530258575 105.026114074909 105.176787727444 106.333624209832 106.351772466808 106.559162146808 107.192751706875 108.5103009282 109.113042916564 110.26555364536 112.535927721053 112.799812391622 112.816906858416 113.944377624563 114.531900669031 114.656206040096 115.718164919028 116.2220401971 116.897966844667 117.25483145154 117.635020044379 117.706613242615 118.169159547974 118.335586324486 118.944367321221 119.819604378159 120.401851085298 121.503717197114 122.023986487643 122.798310440742 122.945465422499 123.650407735895 125.811709810445 125.956910128396 126.101812346618 126.121910133838 126.446245157515 127.466932030309 127.497780311819 128.224654097118 128.404483187737 128.437532381028 129.26050843264 130.085487232517 130.11291418651 131.188724114939 131.518491564965 131.752540865111 132.969679664885 133.50650843053 133.660074311467 134.64035026858 136.587686634217 136.615477533687 136.763934615966 137.078985699848 137.909393203357 144.497254804676 144.83384710418 145.746836077803 146.189768066834 148.362819754342 148.960677541079 149.301586669629 150.729414695838 150.859618742844 151.24140086322 151.759319750291 151.935663317446 152.092645477906 152.431617866609 152.489847908981 152.599871980968 152.862500024814 152.916252823751 154.8296397747 155.076412263992 155.984853464709 156.633438609276 157.043718290745 157.253365466995 157.257186441616 157.271121356613 157.448992661975 158.235547028612 159.193123885479 159.630970629362 159.705465060999 160.251534269847 161.467265859727 162.191728679664 163.126917548174 163.270877076767 164.371361570275 164.759583138835 165.030509335734 166.526667533224 167.36220171653 167.394063447021 167.614505096304 171.375774258911 172.089217774884 172.368102255934 173.061392259422 173.792336877722 173.859977676553 174.340468924672 174.480193954572 175.386011130604 175.483460662124 175.562948718644 176.490091012471 176.808973355574 177.593800690311 177.6411148925 177.665861551572 177.748368471076 178.399990949322 178.589250025973 179.844328957456 179.882259923848 179.979238457681 180.183987674772 180.336234934585 180.546666063902 180.810937043879 181.843142698246 182.475947079361 182.66006443513 183.042213041776 183.486369169749 183.946532066444 184.473785481763 185.35028850623 185.495468065272 185.725994147809 186.748269625661 187.235550581778 187.377714090225 187.604005902664 187.8927261119 188.074141719906 188.177424815331 189.157421380608 192.817043789194 193.047810169775 193.371556470373 194.621799145043 194.628308991733 194.782473360854 195.584074136411 195.661446236046 196.32713342201 197.77503350495 198.006995177707 198.145207173575 198.340308090145 198.919125936798 201.174395992983 201.61294965201 203.277532386451 203.515095075344 204.165609653295 205.541598935831 207.44402333576 207.536892679816 207.668831274996 207.850800517038 207.917588139704 208.69187907833 208.748102927903 208.957899282181 209.403452128997 210.66891530201 210.972480572288 211.249663631879 211.311486853726 211.875566502257 212.439555381546 212.63312435619 212.642483413607 213.014483876768 213.642228627217 213.686516818219 214.351431121926 215.118799988427 215.482890720745 215.69318423238 216.688311049747 217.225853573861 217.517053892706 218.68346288663 221.200682931782 221.552257693791 222.156332477482 222.428955054687 224.199925740334 224.203228251379 224.446854884554 224.636080430962 224.86721699545 225.048730517757 225.823798922573 226.258558708366 228.342440207307 228.904761066444 229.207096533443 230.67872216084 230.794783898383 231.341601233936 231.352859258854 232.322987021349 233.107514244566 235.125361355377 235.552267078537 236.249422002499 237.845446436653 238.115759192947 238.47668010891 239.173135807579 239.177866915014 239.560902520655 239.573671198654 240.496772921862 240.852503765313 241.097876988346 242.722893926775 243.22411812842 243.521044242846 244.064778871433 244.451133784167 244.772880664355 245.002094245766 247.818494858381 248.178135200253 248.426956525245 249.180797825745 249.464980876442 249.830331265619 249.847517868943 250.23129291728 250.483761804346 250.980742561945 251.605677680001 251.900269095649 254.088688772572 254.290633122732 254.525322312799 254.76126744463 254.922015456586 255.944327098081 257.328002118247 258.250876259218 258.650355007744 258.704983637155 259.599587735902 259.831289710383 260.155745600322 260.32208261187 262.842979916071 262.99250565909 263.116955295003 263.798969701432 263.838740125241 264.205853614815 