# Created by Octave 2.1.71, Wed Oct 31 10:36:18 2007 ART <scoffey@labu169>
# name: time
# type: global scalar
10.0180996333954
