# Created by Octave 2.1.71, Wed Oct 31 10:43:08 2007 ART <scoffey@labu169>
# name: resultados
# type: matrix
# rows: 1
# columns: 13
 2.49660918844326 6.23067838436764 0.103035714285714 0.479076479076479 1.25827487082426 4.23214285714285 56 0.0410826534388588 0.344934995079322 0.00168152096983668 0.00142736748568566 0.0147296397808585 0.0841389292619922
