# Created by Octave 2.1.71, Wed Oct 31 10:43:08 2007 ART <scoffey@labu169>
# name: var_corte
# type: matrix
# rows: 1
# columns: 56
 0 2.07981639536146 10.6580554536838 3.83169114041278 2.424841035844 1.83435318226503 1.49833802626031 1.4028090279142 1.49883070505855 1.51964355064392 1.73726780047348 1.85200968720254 1.72863332539076 1.73365161068102 1.85499796429808 1.5031938901983 1.28786523275489 1.34235561458809 1.19050263438061 1.07014527757459 1.03104652378316 1.06974216153641 1.01756425134152 0.947117596762322 1.01176357976576 0.883730456225271 0.788491700929679 0.72012254819581 0.678554066423493 0.627409588249748 0.610346818500729 0.576491424548983 0.553095937203071 0.539472814226271 0.515770732699738 0.500900711316843 0.493871480032897 0.487892451776306 0.461817207801588 0.450938285853114 0.444746669829794 0.431393766392167 0.425871304193617 0.43414082313539 0.444513463656297 0.416501255046058 0.401457227762345 0.384500341449578 0.386874226635058 0.38123055382107 0.379449400571832 0.377983277298926 0.370795672686264 0.367551473461048 0.357955018426516 0.357727720256746
