# Created by Octave 2.1.73, Sun Oct 21 19:42:32 2007 ART <rbigio@notebook>
# name: times
# type: matrix
# rows: 1
# columns: 2056
 2.65664357502131 2.77632545694198 3.2635609067727 4.30002597219319 4.31177085238419 5.93777050613423 6.13042154759561 6.30556752504874 6.73441905746085 6.84968757258896 7.10069839489183 7.35450405586379 9.26892103183693 9.75204149020788 9.9341183095474 10.0180995509494 10.1295105392501 10.8168565068142 12.567427322089 12.6395147140493 13.2559256014427 13.2831698322413 13.3239366358193 13.8807104091621 14.0927874578764 14.250759528038 14.6375525327459 15.2850908150014 15.4800439331442 15.5092423209176 15.8203731126039 15.8347237031189 16.6077577930676 16.6633446906176 17.2605432367134 17.8066470004101 18.8178755346745 19.6982645212172 21.7534461433219 22.4155317839208 22.8140572902513 23.0240660784072 23.9569125861173 24.0651605441582 24.7412331035328 25.3583831320258 26.1879414826544 26.299464935573 27.3090362309143 27.7733969109978 28.5080549762432 28.599855353586 31.811954228255 32.1732289985426 33.3196695901156 33.5627716148964 33.9059079568577 35.2518051402847 35.5130302681024 36.2492563524009 36.4200290191174 37.1421077841696 37.7744643314619 37.9293150513541 41.0562863935357 41.1430427363127 41.3140297955246 41.9475807734358 42.7385213857679 42.9394325893319 43.4504507694933 43.7345079923944 44.0061570953497 44.4668181214338 45.0742908429226 45.1860229792957 45.7610218524796 46.167383136258 47.1792299304129 47.3327115435707 47.40188291387 47.8148935303514 48.3071293978432 48.7917159490873 50.3441207443356 50.5662130670344 50.6748584817082 50.9643549888406 52.4825550262692 53.0033079169197 53.5600114255189 54.0545182043178 54.9182220115168 55.0875614212884 56.2786456088615 56.2903147371384 56.7183848142653 57.3369749465771 57.3999578635841 57.9673841924797 58.2588830001567 58.4239463689273 58.4924552684466 58.6347242197428 58.8475866837455 59.7754193941747 60.0296506341615 60.255002235497 60.9772157443079 61.9764139908415 63.398165290763 63.4067442130967 64.0063933801242 64.5807183457456 65.6438147822059 65.6863889781651 67.493997946826 67.6589530377263 68.723057095585 69.909257441056 70.3804131710864 70.7030430376471 70.8876420196121 71.3443486806837 71.6919010796843 73.230895229372 74.0063001809286 75.3159170559982 75.3233563284544 75.7104138503226 75.9623820343863 76.5077533560254 76.8784006631866 78.5872333993216 78.6343502554815 78.6912952079357 78.933943708351 78.9745404313512 79.2094600341686 79.6706473914681 80.5643912224294 81.514328712801 81.985324515306 83.3220282896906 83.4408618582533 83.740863749306 84.537296171816 84.8773714068802 85.331436681723 85.6591053420184 86.1733864250502 86.2422447193139 87.2379017169868 88.5303219716951 88.9273153019679 89.413310697652 89.6035976044774 90.2242401160722 90.6795904401455 90.9220844932292 90.9448640362005 91.3674399317418 91.834383820959 91.9500823991772 92.1900244709379 92.4475709842617 92.4567796273729 92.9277612307372 93.436950028538 93.5906577662406 93.5919402802553 93.6000021531892 93.6438255158947 93.8786820412443 94.386593085454 94.678676279771 95.4461269014682 95.5164081824008 95.8420080656831 96.3260754552563 96.3301145172487 96.3978739921353 96.7715225885343 96.8946563972035 96.9434542632075 97.0674859589557 98.411351263718 98.729868567772 99.2486828539647 101.046383526935 101.227218687067 101.654409988576 101.851507273682 101.991439741533 102.096314413803 103.575201131643 103.856248387227 103.933538226927 103.968197816735 104.113534430481 104.186471643197 104.366530045241 105.026113841416 105.176787504687 106.333623954498 106.351772188713 106.559161888194 107.192751406142 108.510300603123 109.113042592338 110.265553276903 112.535927330051 112.799812036997 112.816906624922 113.944377424141 114.531900427548 114.656205643744 115.718164515942 116.222039988429 116.897966405218 117.254831014087 117.635019623272 117.706612810503 118.169159121778 118.335586100397 118.944367130515 119.81960413764 120.401850809769 121.503716928997 122.023986172518 122.798310096325 122.945465081319 123.650407394715 125.811709542328 125.956909844665 126.101812051583 126.121909798171 126.446244847611 127.466931749863 127.4977800064 128.224653798442 128.404482922505 128.437532040426 129.260508120669 130.085486912045 130.112913852637 131.188723796214 131.5184912838 131.752540536038 132.969679290201 133.506508111967 133.660074001591 134.640349946294 136.587686294237 136.615477228181 136.763934329367 137.078985327141 137.909392838129 144.497254431969 144.833846761465 145.746835726217 146.189767745704 148.362819377274 148.960677164011 149.301586275535 150.729414313805 150.859618345429 151.241400480812 151.75931931813 151.935662871953 152.092645041845 152.43161745473 152.489847439174 152.599871501284 152.862499575407 152.916252341105 154.829639365247 155.07641176923 155.984852973413 156.63343819134 157.04371788053 157.253365056779 157.257186027194 157.271120899024 157.448992274066 158.235546575909 159.193123403658 159.630970245581 159.705464690763 160.251533878708 161.467265476441 162.191728316558 163.126917189813 163.270876649906 164.371361136416 164.75958279239 165.030508993563 166.526667099365 167.362201263343 167.394062979411 167.614504772642 171.375773915225 172.089217307274 172.368101933602 173.061391910077 173.792336556427 173.859977384653 174.340468665148 174.480193704687 175.386010662994 175.483460190407 175.56294824844 176.490090522261 176.80897286088 177.593800398513 177.641114384964 177.665861038308 177.748368147211 178.399990455463 178.589249674039 179.844328477414 179.882259467022 179.979237972124 180.183987216073 180.336234455824 180.546665669102 180.810936610868 181.843142227326 182.4759466006 182.660063954724 183.042212607313 183.486368704238 183.946531637732 184.473785040002 185.350288050982 185.495467651969 185.725993729815 186.748269160991 187.235550142714 187.377713641284 187.60400548175 187.892725680922 188.074141255029 188.177424361813 189.157420901034 192.81704329153 193.047809738797 193.371556008383 194.62179875002 194.628308500289 194.782472872127 195.584073723104 195.66144585041 196.327133045436 197.775032988371 198.006994803631 198.145206774368 198.340307614543 198.919125468672 201.174395489326 201.612949252804 203.277531997086 203.515094712553 204.165609265515 205.541598432174 207.444022898557 207.536892217254 207.668830803402 207.850800046263 207.917587697969 208.691878598917 208.748102504331 208.957898777858 209.403451656103 210.66891476676 210.972480083741 211.249663119934 211.311486355651 211.875566018915 212.43955489098 212.633123879802 212.642482948139 213.014483435155 213.642228234456 213.686516406474 214.351430656458 215.118799524966 215.482890311807 215.693183831487 216.688310621142 217.225853079763 217.517053414185 218.68346246145 221.200682471789 221.552257266229 222.156332009026 222.428954629506 224.199925350727 224.203227779317 224.44685444398 224.636079992077 224.867216553044 225.048730107475 225.823798514104 226.258558280477 228.34243978316 228.904760634147 229.207096107084 230.678721704053 230.794783447592 231.341600739199 231.352858769821 232.322986501602 233.107513712573 235.125360774346 235.552266543178 236.249421507763 237.845445896681 238.115758659077 238.47667959909 239.173135316448 239.177866322094 239.560901970081 239.573670641005 240.496772477967 240.852503289518 241.097876478031 242.722893399906 243.224117534923 243.52104362867 244.06477834991 244.451133236603 244.772880128354 245.002093678141 247.818494244205 248.178134552049 248.42695591278 249.180797167387 249.464980235409 249.83033066082 249.847517271898 250.231292358512 250.483761232391 250.980741938021 251.605677123774 251.900268513165 254.088688179905 254.290632544882 254.525321701385 254.761266825551 254.922014892849 255.94432644252 257.328001570001 258.250875707457 258.6503543243 258.704982982728 259.599587111093 259.831289154098 260.155744938969 260.322082051782 262.842979282083 262.992505085548 263.116954743611 263.798969063809 263.838739468721 264.205852934767 