t = [
480.0
480.2988265165794
480.33361612071974
482.7988606507879
483.0159146822613
483.222496129004
483.39940165638876
485.94766198636444
485.9481172707885
486.07310030535695
486.36941746041794
486.3900959909814
487.1092012956855
487.3433601507983
487.34842674204714
487.35877712933353
487.48159685668054
487.5480382719747
487.85286057054435
487.86855975144516
487.8909325010533
487.970929759048
488.21987991853234
488.64401378602315
488.73250100040605
488.7892456093446
488.7920718664586
488.8130864263419
488.89229304755406
488.9120142713915
489.05435410355034
489.26689643302905
489.4982381056987
490.2492089284501
490.3584698310012
490.5769764992666
490.72881582164615
492.35570998168754
494.24543796794944
494.3508157236885
494.35144397093256
494.3635234152583
494.8305553454467
495.05028419710294
496.1586548188219
496.34364009196634
496.48098116689823
496.8879046842463
496.9306005627918
496.9351824599941
497.1370827167002
497.14783621586446
498.3422482834608
498.7876984955779
498.9432652555927
499.9643479890571
500.19194201722394
500.3382661460047
502.3399418505767
491.0114705099752
502.56861444405445
502.87495950501716
502.92902163611114
503.0354387499045
503.37986017463624
503.38757856592775
505.1377947670511
506.5808671636155
506.7170211133226
508.67128825665486
508.7708293974812
508.80860041246694
509.17505184180754
509.5568519497465
509.64448143913864
509.6943679994529
509.7361288864977
510.2506246510231
510.6745185027671
510.6923312427249
512.7806421650365
512.8062735256299
513.140016366095
513.2369175129521
513.2972304817823
513.3063352564685
513.4785760738956
513.504585593208
513.832937912594
514.1761597807858
514.247235119003
514.2687977840822
516.1750044403864
515.8565904659475
517.0027080249203
518.1196322815044
519.2491690596542
519.5657790451443
524.1560087833292
524.519779762186
524.5365075895747
526.2255579629358
527.1373813221113
530.5312765446804
531.6858345327926
532.4483744870827
532.9414466613206
532.9774536382519
535.4677431384654
536.8218496273395
541.6134957343288
541.6959288782862
541.822158107937
541.8583746181514
542.9733037669346
543.6966040698721
544.4580105529835
545.213296137416
545.7140795886835
546.1899098229679
546.7303024139076
547.1906006845601
548.1691529407083
549.584354032547
550.1057853897737
553.402116609434
553.5448227844585
553.6518222260918
553.6872384764017
553.763475318682
553.8150144293405
556.5888012116195
557.1518728563295
557.8049254290776
558.0634969600021
558.5680247639425
559.0477549456762
559.0879704936503
559.2763388420975
559.3792480167822
559.4078782869759
559.4904022286214
559.605286553299
561.3062460610893
562.6492740629096
562.6737455118789
563.4121544608462
563.8553411065826
563.8671441478275
564.6660906325646
565.6169291125753
566.0904267915269
566.1162971333576
566.1831205686368
567.4688355459361
568.6850172045266
568.9061067771067
569.0554112446054
570.8459702256173
570.9224497078319
571.2180100316
571.2690177208649
571.3978425422274
573.7006726632746
574.4115416886946
574.634611804973
575.0314489543072
575.2440295829495
575.3275016697934
576.3125422506316
576.8943790590527
577.0147982660593
577.0317896291215
577.6771696441355
578.8717711399206
579.2226005354013
579.5833730165483
579.7232969179336
579.9310314258573
579.9784660432039
580.0306048684431
580.724656823039
581.004036641972
581.1025563698273
581.1296443446957
582.4165636036901
582.5437654724213
582.5521528041565
582.5661112724033
582.7286753992033
583.6645686926242
584.5225176731176
585.2606950750685
585.6145366291723
585.6372814160092
585.7201294822488
587.1562250720611
587.2442135417688
587.8296804025492
588.1012244469579
588.9177583639336
588.998975654845
590.2961443941041
590.4665510308124
591.1583180712265
591.2159351106138
591.5120096544196
591.5429266662659
591.7089814321272
591.7415464843037
593.5557578337846
594.2631521055841
595.0211761343718
595.1825879342816
597.5148046601329
597.8326138805376
597.8471525711284
598.984505203441
599.3144733649985
599.6069982120537
599.6411309476705
601.1027448506428
601.4754483041789
602.1080728588901
602.4551884798295
602.4993525978341
602.7313837240177
605.7603639622322
606.335563762362
607.1577853699566
607.2985692974884
609.2456728969503
610.4389756930476
611.7764727927843
612.3221494419702
612.7582850587971
612.8767282261541
613.0612210780669
613.0666343378347
614.7454039474255
614.9509769333033
616.6689476056378
619.1623356366337
620.7967391862603
620.938575187075
620.9514152862653
621.038908470845
621.6246830219981
622.1414195927582
622.778025955775
622.902854403532
622.9279663144265
624.0070582189798
624.1110936285277
624.245038426946
624.2920138530963
625.125965144461
625.2818299251102
625.3078567869417
626.7578751127138
626.9191727822522
627.2765531412523
627.6609099518838
627.7062476460395
628.7484776362492
630.7358557530108
626.9277865590603
630.7470876379563
632.1857194213438
633.1110936523431
633.5202666860623
633.64697266739
633.9027144195679
634.3590534076033
634.7147170037113
634.7158590246269
637.6448865467191
637.9185561552689
638.0074755213803
638.194966515444
638.2172568168169
638.7498325419259
639.9340780062934
640.1869059728612
640.6543618879942
640.6709516328791
640.7879063688634
641.6099116321567
641.8640840759763
642.0367170064557
642.385623775472
642.4473255495271
642.6677565031832
642.6717744097472
642.9358273584752
643.0311022586093
643.400662055207
643.4308392602865
643.6816249036738
646.2894314814994
645.7545701621209
651.2401882394208
651.509239157342
651.6483349074579
651.6518446323009
652.6963862691028
653.0934166635773
653.4212351611095
653.6532927108125
653.6546950297148
655.3199102926384
655.4824278716994
655.6154749827143
655.8994102567892
656.0483002004366
656.0587421329229
656.9309324104338
656.972364156059
657.4774461727552
657.6936881404971
658.6445534617151
659.096410553883
659.5585449493431
660.4357261176028
660.5574201418306
660.8290390557854
661.0704442709405
661.2156350155541
661.3333336260737
661.3506768116164
664.1461333417959
664.2272924490624
664.977224247159
665.9565775358716
666.1370769429618
666.2311342353778
666.4574237396574
666.6099144121993
666.7755695520133
666.9957605767997
666.9959134838374
667.0700392004018
667.267472594351
670.2658023097807
671.2315965282867
673.2554468693007
676.3348114058708
677.0145185927169
677.2147195647281
677.4184296054264
678.6546593034041
680.5664954146025
680.7345969543544
684.4154518630003
686.4258509672621
686.901288780037
687.3764092314661
687.8696473259249
688.148723945091
688.2447438282071
689.0486263691461
689.8050919283576
690.2691401391326
690.9083997484978
691.2328749683122
692.4669670810424
693.1658927208103
694.1069382362465
694.3991814234703
694.4163147079797
694.7397182202022
695.0157589885574
695.0439278870598
695.1352659908711
695.4985580591892
695.515519824102
696.2578267951801
696.7207174885242
696.7661307467243
696.9347503500902
697.4676048733215
698.1239076401283
698.4065690471807
698.4810846649656
699.4604074741667
699.4707574501621
699.8679335051712
699.9194393770496
701.2803698342764
701.4596449860061
701.4776672860386
702.2155751703164
702.6143353000755
702.682183674323
703.4579938730647
704.7548348426376
705.357377773653
705.4564692537347
705.6736109951335
706.8651766486015
707.4596146718761
698.2248207945947
708.5672483390282
708.9225701264688
709.8229096958751
710.9038891068747
711.1828560289873
712.1941129111326
712.876197679845
713.3684185049615
713.4550593386588
714.252902855782
716.9976242995107
717.357144851944
717.5617856510531
717.5643936685094
719.8043977156559
721.3994428754131
721.4385727713245
721.7866930915401
722.9094079060692
723.270796608471
