# Created by Octave 2.1.73, Sun Oct 21 19:29:33 2007 ART <rbigio@notebook>
# name: num_in_q
# type: global scalar
0
