# Created by Octave 2.1.73, Sun Oct 21 19:42:30 2007 ART <rbigio@notebook>
# name: time
# type: global scalar
10.0180995509494
