t = [
480.0
480.2204979023792
480.2455798057488
483.57006142743245
497.24840347125496
497.2541007052631
504.25268538047163
504.522328535614
504.8283556131041
508.81952615850327
508.8469771410826
509.2968837876856
509.58855044589546
509.58855044789783
511.7118181689328
511.91306278929284
511.9533751880749
512.459533641882
512.6070064268037
514.1856298075679
514.6069405164835
514.6617157874878
514.698709320761
514.829684524125
514.8381794763588
515.0969243511759
515.096924451293
516.9914770368123
516.996529016363
517.3562784957809
517.396590894563
517.5575231161409
517.5957973068984
517.8695132354658
518.443227748724
518.5831978427536
519.6672645143967
519.9464266349179
519.9602596096979
520.3813224654751
520.4303639314862
520.597971374989
520.6632148242576
520.7908171076399
521.640056243094
521.836076635922
522.191409550939
522.2160832627519
522.2389195030761
522.3067406225683
522.4799630291941
522.5046215458467
522.5791176674646
524.597351903064
524.8174403795629
525.5149652502012
525.5149654103886
525.5189280568487
526.2395223211275
526.4871903604568
526.550308432244
526.5953866514938
526.9162068912105
527.253993241191
527.3942973460911
528.1578862596123
528.5842826082086
528.9552689852692
529.0470377895467
529.3559959434764
529.7908917740336
529.8012737427579
531.2456459444805
531.2456460721199
531.6054068614611
531.6988152032241
531.823647361339
531.8867650615673
532.4959005130651
532.5896110533164
532.6813798575939
532.7979240914481
532.8344722210469
535.065615176466
535.3618757705605
535.3618759107245
535.5005110070233
535.5005902599526
536.9552651774702
537.2037323288531
537.3529878373241
538.449583336229
538.7873696862094
539.3616102474144
540.1748557520714
540.2842307820175
540.8893723884948
540.9722384777283
540.9729410207339
541.3210130272759
541.3556703883295
541.5085130146877
541.5231641210382
543.0922334444243
543.8369900655923
544.024588670576
544.1584484774711
546.0532083784096
546.3552319567926
546.3798904734452
546.813758657422
547.530564216928
548.0496626531418
548.2101603956366
548.4428276865548
548.6229230418106
549.0432205968749
549.5480918683044
550.7985933660989
550.8321572125595
550.9210275262673
551.0334018329196
551.0737142317017
551.6758965999521
552.1334776765253
553.3664035091582
553.7272795601103
553.7820548311145
553.9125886704336
554.5246622857672
554.7119985530121
554.7692527108122
555.0609193690221
555.3107636101817
555.310763737821
555.4288041125182
555.7639328689252
556.0333205021273
556.0715946928847
556.5610181787662
557.0502353005403
557.0867834301391
558.1328758139953
558.5677716445525
558.5781536132768
558.5846891239315
558.696833261689
559.5546793912315
559.5602270962756
560.0225258149994
560.2709929663823
561.5168439737582
561.5383292498004
561.7862316069603
561.9473557749094
563.2644254154864
563.5424988088873
564.4822027092146
564.6552898428621
564.904077705922
565.5444316440957
565.61757071624
568.0435859899937
568.056266458666
568.5786071237508
570.4539764129931
571.3032155484473
571.4236590548055
571.6249036751656
571.6652160739477
571.7801238651189
572.2838838755636
574.3187814023563
574.3586447416056
574.3735566733604
574.4571253055994
574.8051973121414
574.8398546731951
574.9926972995532
575.1329780784936
575.2699392852136
576.8390086085997
577.5087729554416
579.5373926632752
579.8145213506835
579.8216927820993
580.5411301198861
580.8967106336934
581.0272444730125
581.1106892096411
581.8839085133911
582.123491836202
582.1928065602883
582.4550683217625
582.8753658768268
582.9647176327757
584.6643024925114
584.9414311799197
584.9486026113354
585.5974731587919
585.9093138221156
586.0236204629296
586.1541543022487
587.0108183426273
587.2504016654382
587.3197163895245
587.5819781509987
588.002275706063
588.1331716231649
588.5245180827169
589.7912123217476
590.0172191289823
590.235538418897
590.2677699298531
591.0362236513517
592.9442640529073
593.0360328571849
593.4310635558126
593.4613454194774
595.5944019290993
595.8025743070727
596.221606793667
597.142993780189
597.434660438399
597.6845046795585
597.6845048071979
598.137673938302
598.2625060964169
598.3256237966452
598.934759248143
599.3498695314506
599.3653561981884
601.6002526336183
601.6838212658573
601.7798301973156
602.0318932723993
602.0378546263577
602.1783098409559
602.4521908274636
603.4207783254027
603.747379164342
603.7609764897912
604.2629766888922
604.49213578551
604.8135941973887
605.7535537418898
606.7640886235331
607.2533057453072
607.289853874906
607.4689043773396
607.8936519890325
608.0097595088158
608.3359462587622
608.835946242076
608.8360254950053
608.9977450619032
609.2462122132861
610.492063220662
610.7614508538641
610.7997250446215
610.8864366806922
612.8903228849363
613.4574219561183
613.8446399112228
613.8923177866756
613.9616325107619
614.6751974091648
614.8922557201446
615.3470719571225
615.5483165774825
615.5886289762647
616.2967132117782
616.8912521807357
617.4477862934547
618.2969695756774
618.5809051304752
618.610549014866
618.8954217398226
619.4204676256672
622.1651284371278
622.5633595894948
624.5911437108815
624.5966914159256
624.9656455525719
625.0139861930132
626.2896219817898
626.534714875958
627.279471497126
628.2406589288328
628.2703207543863
628.5678328712363
628.667772853958
628.6791640357532
629.024975909689
629.2645592324999
629.3338739565862
629.5961357180604
630.0164332731247
630.2562788679379
630.9495141074058
631.8053698888093
632.1134291313289
632.1607028038263
632.1853765156392
632.202517731311
632.301268457423
632.5743942519289
632.5757052348471
632.6154293304298
633.2900749470942
634.1060063834275
634.2399748235968
634.660272378661
634.7722691666319
636.0976353196662
636.2139253149965
636.4492089943457
636.7130887607879
636.7453202717439
637.9198693678712
638.0953925933242
638.9580370694691
639.8925507000838
640.3405541747751
640.4726480527213
640.5468270567064
640.6601480401331
641.0331089768218
641.0331091169859
641.7761933605083
641.9804788964615
644.7838475553066
645.5529154103971
645.9082483254141
645.932922037227
645.9760777653252
646.0235793970434
646.1968018036691
646.2081929854643
648.6040784138004
648.6696275597129
649.1299578709367
649.8430117528211
649.9563610956026
650.3621101890349
650.4557011776683
650.4791432937839
650.5226079315297
651.148192106536
651.3718470669838
653.0777911198586
653.0825103234023
653.3463900898445
653.3786216008006
654.4769005073715
654.7087264630843
654.8004952673618
657.1059493817779
657.1741077654451
657.3588643392762
657.5408452123352
657.6101599364215
658.9955993827821
659.244066534165
660.4098473884109
660.4899175415409
660.7670462289492
660.7742176603649
660.7917669600539
661.849235511959
662.1628748439766
662.271768940398
662.3042768502025
662.5753666224036
662.8670332806136
663.0210824097086
663.0210825698961
663.0274228042322
663.1168775217731
663.241709679888
663.3048273801163
663.3254905021519
663.8766619396863
663.9172425110413
664.1931883756725
664.3671319627182
664.651067517516
664.6807114019068
665.7903714775573
665.9211287152854
666.2891115588794
667.1016538422546
667.9127576515241
668.8345218949357
669.9117541121152
672.0704587164895
672.6468317691592
674.352775822034
674.6379952582771
674.9400188366601
674.9646773533127
675.3267932778625
675.9539981424302
677.2077099216781
677.499376579888
677.5086608334474
677.7492208210475
677.7492209486869
678.1328787481718
678.202390079791
678.4036347001511
678.4439470989332
678.999475389632
679.3884931259217
679.3898041088399
681.0540736975896
681.2220424342269
681.2305373864607
681.5327667345779
681.9273151521229
682.2595045452771
682.2650522503212
683.3838349469141
683.579261552378
