# Created by Octave 2.1.71, Wed Oct 31 10:30:09 2007 ART <scoffey@labu169>
# name: l
# type: matrix
# rows: 1
# columns: 1001
 0 0 0.0427385212017627 0.0426221051346877 0.20701030231387 0.204261048886699 0.195576150350552 0.28514500943278 0.278655257084135 0.288562941544958 0.36551582790095 0.317086090242144 0.316026653651886 0.327711955819799 0.316962867490814 0.31182561947313 0.304964842954382 0.316578434068179 0.276617479389285 0.224667333167071 0.193970464931993 0.190845849188143 0.189845633858325 0.175403034917855 0.174704785382606 0.192097804723135 0.212042176531446 0.217540629102063 0.327389473591874 0.334669677012598 0.377727821419045 0.375185847248991 0.371585323692508 0.371658688713801 0.363893037141374 0.363278582177456 0.360671384926082 0.348862287702318 0.343104134730688 0.331794422085961 0.33061501291134 0.331685660039832 0.320007130074796 0.318475799071569 0.305847248262444 0.302586737460466 0.291526546181308 0.290557287675794 0.293830817992268 0.284671579724348 0.284338713640983 0.288190863519991 0.292609724396023 0.285311358534006 0.282885530777783 0.287953022662118 0.297807088794885 0.304925846410821 0.313079611022951 0.314281281676446 0.383163513609151 0.415738376288321 0.418782273805613 0.39435398154877 0.389913403521625 0.386286969635825 0.379903195739685 0.369044856546241 0.368806014945717 0.36737669754785 0.367360367413836 0.374979087544524 0.395516365882586 0.407123551117314 0.420097430214977 0.445411707003158 0.446080120829844 0.448368847839848 0.451123695963047 0.459748134240254 0.467328060786605 0.471914611268051 0.472625088529774 0.488141391565995 0.493121104179151 0.506335469156147 0.523570699562942 0.524297108635901 0.564425131600664 0.574802399344985 0.590160789076949 0.625817747930624 0.680668495470224 0.690805566639791 0.695565062441443 0.69795378256516 0.736641913732581 0.757684991347442 0.756791236814799 0.757767536224582 0.762937758389521 0.762318428328042 0.759331546382869 0.762363827480385 0.762608407173703 0.767649700509494 0.78974805597443 0.848765130334427 0.876257094837363 0.93174222179794 0.938245354177167 0.922052166279081 0.921392788644919 0.909505859648464 0.894675447909987 0.890191216439403 0.891004283627328 0.892562618568881 0.906653903196428 0.895844703975101 0.879611520044282 0.87383157364834 0.867378453914506 0.865926999560972 0.853462324590444 0.838822203027159 0.813428329240838 0.80681059104939 0.803594463275508 0.757167601032518 0.749869996935087 0.735039038977759 0.731731554078702 0.732418124198677 0.723234192787253 0.722295310583796 0.719360543799077 0.718780730072111 0.718154893908416 0.712920423878828 0.708288932752967 0.706216878798965 0.70619763853578 0.702026710586926 0.698836203615234 0.698993923555241 0.703969266461093 0.718419100696247 0.718173672299042 0.718696963520786 0.709243574872604 0.687505883786113 0.683081063656976 0.684259395057274 0.684397231812827 0.686084458798597 0.686281157523168 0.686952263899282 0.70065281390357 0.707257496643202 0.710499191485051 0.711175197047999 0.73194096603454 0.745807812405657 0.744575830537571 0.742359226463483 0.738563942726194 0.734079245369697 0.729495889476343 0.728469632392644 0.728869164876421 0.729224057881349 0.708461624028121 0.704398027429961 0.705354299112438 0.705983027522899 0.70535441338709 0.705486025590922 0.710441930209394 0.717494187242717 0.718422534057543 0.724370124598604 0.722268899749616 0.709353479807929 0.707783107461299 0.706826197523507 0.704579489728027 0.702090027937208 0.697270756905901 0.691844441393677 0.68978047482462 0.689040970256656 0.682875612288189 0.682717300473456 0.683986685406559 0.677989135615391 0.67108433857792 0.658698797364241 0.657540547580841 0.650877200217895 0.648153496466705 0.647549400871917 0.644512702301343 0.645268760817936 0.646048473103555 0.641477006999959 0.639760272346796 0.641428418242068 0.646496933459587 0.649758788851646 0.647656110129727 0.64555160474556 0.644399991238632 0.633627486687475 0.632916291901749 0.631633448037932 0.619529074241643 0.618641469353531 0.617652333062173 0.614911289112784 0.614138818782961 0.611031485079467 0.610353753544311 0.603469257958042 0.602941538126694 0.603258258689966 0.600608421147099 0.5941957755094 0.590227335955198 0.588004379595249 0.586791931543534 0.583824822235785 0.583523111569382 0.58359188075572 0.585747490121507 0.590292097161724 0.587751656576977 0.586684238982758 0.58675593489195 0.588715136507749 0.595085107706455 0.59476713034006 0.59316561828944 0.591333810021033 0.586128652969682 0.5859930775516 0.586645600174545 0.584935549667694 0.578132942615948 0.571498624834481 0.570765875243626 0.566956960039265 0.566388262853057 0.565840532418658 0.566056709471058 0.568606169036703 0.572047726894488 0.573387964517674 0.574039317582295 0.574365191340142 0.567348755552047 0.564109701152868 0.563565685854941 0.560165060863876 0.560153643682844 0.557140821752622 0.555672763224654 0.555445234307399 0.556305202060257 0.558540207697976 0.561059104930304 0.56608766234006 0.554000947197457 0.551374680327953 0.550649957028539 0.550103576849035 0.545836653587818 0.544823346704384 0.545044116686583 0.545964742651846 0.546068076231232 0.548268591510893 0.548275780765642 0.548712128102451 0.547542052553304 0.546762508349539 0.545902952815712 0.545350506196892 0.54455182204106 0.5448669997552 0.543425263362878 0.543296535455084 0.542562930401967 0.539860156198841 0.53616243452898 0.534695404522795 0.532882409291246 0.529745850182713 0.525776214758444 0.524183218449145 0.522817844272683 0.517384926327201 0.513982222870924 0.512878456104694 0.514525221999203 0.514515840678944 0.511705284956542 0.510007269405183 0.507424457607481 0.506964553736324 0.504402001853467 0.503636275895494 0.503321858268501 0.503361444279743 0.50326152006087 0.502293631017025 0.501437846469774 0.499279846627272 0.496853585479587 0.496657576180835 0.497426045558582 0.497534046384232 0.497332074245795 0.497835408453425 0.498873994668665 0.499837935482519 0.497384660797838 0.497243415590262 0.490472760694056 0.488349139550288 0.488070054579469 0.487800970123103 0.483151869286484 0.482614666314702 0.482511171331932 0.48222176398788 0.481644481304926 0.480392011934715 0.479226821937972 0.478931489206993 0.478836499779444 0.478198507725405 0.478136923744663 0.471912532188053 0.471036638401822 0.47102755032924 0.469871073040599 0.469385301853218 0.469738626851899 0.470513504206253 0.472075777193581 0.469447865441782 0.46736759150157 0.465871893776373 0.462186405396702 0.461274319478162 0.461047695143362 0.461556516497385 0.461780211361387 0.462519028276842 0.462429066179001 0.462409255471225 0.462746164650795 0.462123339589722 0.458023577982434 0.456250171308668 0.455090882596545 0.453789600935498 0.454672465478314 0.454569966382781 0.454973193837038 0.452837130503192 0.452748121484172 0.453093104926303 0.452830717478067 0.451074352570045 0.44849063304786 0.447332546659921 0.446937293387955 0.440912330121565 0.440352083133412 0.440641557788684 0.43892657907882 0.437870226830802 0.436936257033607 0.436367542693355 0.434834263257266 0.43472820123884 0.434962803305744 0.435371075322376 0.43513901768939 0.434215919900809 0.434137647040633 0.43499856062739 0.433991098307854 0.43177260123978 0.431314800174629 0.430627049492808 0.429696184485072 0.428239324457232 0.427436552230424 0.426525816278985 0.426424962516182 0.427339493472991 0.432342220508871 0.433163305844684 0.443856437817439 0.445154686320883 0.452331242718005 0.457765076944148 0.458071434039601 0.466222267443145 0.467176786357241 0.465056184671698 0.463150727252854 0.462999307574427 0.46346227758704 0.463826157229503 0.462408386233788 0.462065464556246 0.460277473051192 0.460128137152188 0.460141399078406 0.460540707654486 0.459902440096606 0.460460124132567 0.461010578908 0.460556688617086 0.460516818214019 0.460882510143113 0.460348546198773 0.454525506884961 0.452116539286375 0.45200204851031 0.452393851238135 0.457008699969518 0.459508249487198 0.45829691611331 0.457894854027549 0.456584701276108 0.456518551064345 