# Created by Octave 2.1.71, Wed Oct 31 10:30:10 2007 ART <scoffey@labu169>
# name: aux
# type: matrix
# rows: 1
# columns: 1000
 2.65664362146576 2.96010226512758 4.30002604735576 5.20935141648738 5.29692440521394 5.65253950565574 6.97821104011408 7.8179672718482 8.25933638624197 9.47887092288104 10.5493719402638 12.1606167449224 12.439003614123 12.6324000979666 13.6057639741042 13.829915485847 14.5500005479018 14.9140803824046 17.0686112224457 21.0154104135714 24.3412120225827 24.9126396778166 25.7808319599032 27.9036128828383 28.6963406015563 30.9477996212466 31.1284369916878 31.2499880126885 32.3466683516819 32.9307802776191 33.2988933285192 34.0535363456907 35.7378255278339 37.7000943567752 38.7683048339003 39.2955730219026 39.5796302392359 40.9194130648722 41.6061440485189 43.0243521379905 43.3421839463131 43.5883018994851 46.1892429560228 46.4113352467411 48.3276771743293 48.8664053753218 50.7633441913021 51.4493905486037 52.1237678360252 53.8008372838928 54.3128315514745 54.347086006221 54.5311601777387 55.9260866184606 56.899468316375 58.1142325349088 59.2370572718324 60.6936970595084 62.1369046674642 62.730004853161 63.1268976622708 63.2191971479327 64.1143386255211 68.0859070008356 68.8613119493588 69.5077769215249 70.6757637583463 72.7552438053679 72.8023606585991 73.1707125059943 75.2864134020147 75.9547653104774 76.5029824874709 76.9000527393335 77.2909197013059 77.5480602346446 78.726528000592 79.8142325011758 80.4473723922465 81.2524442505148 82.3646944398455 82.6192888348718 82.6239610403319 82.649903671394 83.1892407449555 83.719007637513 83.7541482799775 83.9169482164597 84.1610014414838 84.1969007206803 85.6561848890383 85.718200725315 85.8774593760614 87.3397300734537 87.4301476577045 87.7422919236275 88.7026874951606 88.8031765424381 89.6831435169707 89.7004733205524 89.7766699643175 90.1964910763657 94.0918874681191 94.668142832517 94.8000851678015 95.7282819920388 96.2920173751125 96.5857788973462 97.4308486613808 98.0207496242001 98.1991819276368 100.041998929054 100.273272081733 101.597610180964 103.281722999918 105.435719306584 105.50831946556 105.58077057467 106.263330416516 107.899915936642 109.891203160156 110.618076945454 111.99367281241 112.266031796943 113.905658475544 115.893675341109 119.51168231044 120.499245942993 120.983257333185 128.401526438012 129.65110771114 132.267091387679 133.450388858427 133.51549088193 135.663591383628 135.839934950782 136.394119542318 136.607321999702 137.590891874645 138.926931098392 139.83537229911 140.245651980579 140.341555090758 141.432544074452 143.471420670096 143.833652080064 144.301246514319 144.851488761073 145.929141742548 146.346908834201 148.495358262561 153.190512590424 154.838909268284 155.204381577434 155.274244092384 156.831047460254 157.247118228717 157.667559006166 158.389728010232 158.408693493428 158.457182760345 158.559557368891 158.635680998797 159.718084738369 160.234187565553 160.79927745523 161.625582189849 162.612998501863 163.634681085373 164.389459302357 164.718047067418 164.953114976039 169.876027502787 171.70583870708 172.33421496776 172.984525724511 174.480805796559 174.763443089156 174.83254908709 176.566420326308 178.750021797732 178.868803142178 180.060281772208 183.338695454673 183.745472635951 184.166011916597 184.824744288858 185.680252298772 187.049121933243 188.516196742501 189.080276391032 189.283204423092 190.992152131411 191.890339082675 191.995485838492 193.910862774349 195.906014611233 199.589643650308 199.941218412317 201.988114186214 202.836918963638 203.026144510046 204.95415978439 205.386487947457 206.501367721903 207.9729933493 210.426903733582 210.640356595162 211.78694627422 212.720114869444 213.635991284654 214.332446983324 214.715482588965 218.36592951873 219.178437987945 219.953187686422 224.250638301957 224.572385182145 224.932025524016 225.934688149508 226.218871200206 227.369282496532 227.930240434359 230.729697594225 231.146360936232 231.264333502147 232.467326832978 235.055418697566 236.635832148732 237.530436247478 238.874053405353 240.691652196185 241.79867198349 241.827287399789 242.134672483683 242.909288096509 243.95921557351 245.41918331615 245.769388482071 245.777551177279 246.553256697586 246.86809778691 247.659665945878 248.426855333906 250.633027632828 251.193479748999 251.511206390454 252.728895011033 255.702632081961 258.670990088563 259.003072068889 260.743099634846 261.015264320328 261.887525125051 262.183632610828 263.560727215409 263.641759729136 263.888103033199 263.987756826133 265.136322266484 268.477648631034 270.019217065511 270.279869174936 271.920672113057 272.480497692813 274.391566916997 275.116495159794 275.795236981936 277.868922974337 278.66701769119 278.917837400638 279.951406803842 286.059145292244 287.421680937793 287.799963340749 288.085815318902 290.33784449014 291.167245670571 291.328346231345 291.893121792612 291.927700710957 292.431249192996 292.431839716967 293.313990784421 293.940791095445 294.359875865248 294.823362385941 295.339094265323 296.54943428717 297.00500128887 297.900986387141 298.322433078892 299.021137178242 300.51816674502 302.590733687044 303.420944087503 304.453255747995 306.255885503584 308.568132002876 309.505872621322 310.314168150195 313.572692562277 315.648629894926 317.72436918519 318.148493738242 318.266541541654 320.014629505324 321.080084549124 322.714395662725 323.009795744028 324.653390172466 325.146991487735 325.506720860827 325.833876718822 326.610054774752 327.239412333967 327.797899161992 329.214715441565 330.822353781441 331.723378700597 332.014342142989 333.034724471621 333.628162827354 334.329532353303 334.596125533345 335.366425071205 337.020569289081 337.116302161099 341.769971691265 343.256182845147 343.452461311473 343.641919152889 346.948593586727 347.947086046251 348.678273615876 348.887534293497 349.982592472101 351.625446464381 352.480387035452 352.84929381773 353.362269473723 354.136756309769 354.638686299612 359.820886356066 360.578975696936 360.740708651298 361.690310768182 362.424870720438 363.279338484339 363.517693910631 364.746198505737 366.788003127801 368.420592845967 369.603419820499 372.55064867217 373.287299697923 373.866423883887 374.059488815079 374.138774694229 374.539498212868 375.224872525164 375.589662226628 375.687549369856 376.404635615428 379.773827395247 381.249976846528 382.221164825803 384.114469660678 384.156895591076 385.275654101799 385.437196410135 387.311538058009 387.863544403271 388.571661007881 390.641070658019 392.402546585317 394.663147020331 395.684879111586 396.034806820573 401.446529288502 402.292291186627 402.890598777098 405.67842014642 406.657110372051 407.526357207918 408.05748306101 409.496344255693 409.864028176665 409.951200805784 409.981714861369 410.926913429655 412.40577029034 413.596108364963 414.347817558263 415.464019876835 417.598721586348 418.04196429323 418.709615445918 419.616679887014 421.044205882477 421.834972589202 422.735692452921 425.288379733226 427.248898943747 427.506995721489 427.787001504779 428.375630451603 428.493276621598 428.74860493117 430.588783211657 430.937768071472 431.250693499376 431.752858714262 433.721601137447 435.505983615916 436.095452672804 436.429825832085 436.494167112943 438.711849552156 439.037439354784 440.742921934157 441.27605530717 441.43222284346 442.500630053965 443.704957197665 444.543696721918 444.61590856903 445.908969509337 446.685852736243 446.91807375435 449.165405032256 454.919774748122 457.343678547469 459.391974960858 459.503198200651 460.530640427184 460.535509167626 462.86848118418 463.274910444831 464.604260501669 464.671582344662 464.955834924679 470.743675698313 470.897388439514 471.359863169832 472.231325425856 475.092514893618 477.204853339625 478.489678106731 479.593673088863 479.779197702213 480.628514909378 481.251975660952 481.585844061905 482.685487094458 483.0991849455 484.745349909842 486.620205216067 486.942158889334 487.066185521264 488.02296071928 488.206320507451 488.583839473429 490.749145590783 491.781708834182 492.067080308635 