# Created by Octave 2.1.71, Wed Oct 31 10:30:09 2007 ART <scoffey@labu169>
# name: queue_len
# type: matrix
# rows: 1
# columns: 2001
 0 1 0 0 0 1 0 1 0 0 0 1 0 0 0 1 2 1 0 0 0 0 0 1 2 1 0 0 0 0 0 1 0 0 0 0 0 0 0 0 0 1 0 0 0 0 0 1 0 1 2 3 2 1 0 1 2 1 0 1 0 1 0 1 0 0 0 1 0 0 0 0 0 0 0 0 0 0 0 1 2 1 0 0 0 0 0 0 0 1 0 0 0 1 0 0 0 0 0 1 2 1 0 0 0 0 0 1 0 1 0 1 2 1 2 3 2 3 2 1 2 1 0 0 0 0 0 0 0 0 0 0 0 0 0 0 0 1 0 1 2 3 2 3 2 3 2 1 2 1 0 1 0 1 2 1 2 1 2 3 4 3 4 5 6 7 8 7 8 7 6 5 6 7 6 7 6 5 4 3 2 3 4 5 4 5 4 3 4 3 2 1 0 0 0 1 2 1 0 0 0 1 0 1 2 3 4 5 6 5 6 5 4 3 2 1 2 1 2 1 0 0 0 1 0 0 0 0 0 1 2 3 4 3 2 1 0 0 0 0 0 0 0 1 0 0 0 0 0 0 0 0 0 1 0 0 0 0 0 0 0 0 0 1 2 1 0 0 0 0 0 0 0 1 0 1 0 0 0 0 0 0 0 1 0 1 0 1 2 3 2 1 2 1 0 1 2 1 0 0 0 0 0 1 0 1 2 1 0 1 2 3 4 3 4 5 6 5 4 5 4 3 2 1 0 0 0 1 0 0 0 0 0 0 0 0 0 1 0 1 0 1 0 0 0 1 2 1 0 0 0 1 2 3 2 1 0 1 2 1 2 1 0 0 0 0 0 0 0 1 0 0 0 1 0 0 0 0 0 0 0 0 0 0 0 1 2 1 0 0 0 0 0 0 0 0 0 0 0 0 0 0 0 1 2 1 0 0 0 0 0 1 2 3 2 1 0 1 0 0 0 0 0 0 0 0 0 1 0 0 0 0 0 0 0 0 0 0 0 0 0 0 0 1 0 0 0 1 0 1 0 1 0 0 0 0 0 0 0 1 0 0 0 1 2 3 2 1 0 0 0 0 0 1 2 3 2 1 0 0 0 1 0 0 0 0 0 0 0 1 2 1 0 0 0 0 0 0 0 0 0 0 0 1 0 1 2 3 2 1 2 3 4 3 2 1 0 1 0 0 0 0 0 0 0 0 0 1 0 0 0 0 0 1 2 1 2 3 2 1 0 0 0 0 0 0 0 0 0 0 0 0 0 1 2 1 0 1 2 1 0 1 2 1 0 0 0 0 0 0 0 0 0 1 0 1 0 1 0 0 0 1 0 0 0 0 0 0 0 0 0 0 0 0 0 0 0 0 0 0 0 0 0 0 0 1 0 1 0 0 0 0 0 0 0 0 0 1 0 0 0 0 0 1 2 1 0 0 0 0 0 0 0 0 0 0 0 1 2 1 0 0 0 1 2 1 2 1 0 0 0 0 0 0 0 0 0 0 0 0 0 0 0 0 0 1 0 0 0 0 0 1 0 0 0 0 0 1 0 1 0 0 0 1 0 0 0 1 0 1 0 0 0 1 2 1 2 1 0 0 0 0 0 0 0 0 0 0 0 0 0 1 2 1 2 1 2 1 0 1 0 1 2 1 0 0 0 0 0 0 0 0 0 1 2 1 0 1 0 1 0 0 0 1 2 1 0 1 0 0 0 0 0 0 0 0 0 0 0 1 2 1 0 0 0 0 0 0 0 0 0 0 0 1 2 1 2 1 0 1 0 0 0 1 0 1 0 0 0 0 0 0 0 0 0 0 0 0 0 0 0 0 0 1 2 3 4 3 4 5 4 3 4 3 2 3 4 3 2 1 2 1 0 0 0 0 0 0 0 1 2 1 2 1 0 0 0 0 0 0 0 1 2 1 0 0 0 1 0 1 2 1 0 0 0 1 2 1 0 0 0 0 0 0 0 1 2 3 2 1 2 1 0 0 0 0 0 0 0 0 0 1 0 0 0 0 0 1 0 0 0 0 0 0 0 0 0 0 0 0 0 0 0 0 0 1 0 0 0 0 0 0 0 1 2 3 4 3 4 3 2 1 0 1 0 1 2 1 2 3 2 1 0 0 0 0 0 0 0 0 0 1 2 3 2 1 2 1 0 0 0 0 0 0 0 1 2 1 0 0 0 0 0 0 0 0 0 0 0 0 0 1 2 1 2 3 2 1 2 3 2 1 0 0 0 0 0 0 0 1 2 3 2 3 4 3 2 1 2 1 0 0 0 0 0 0 0 1 0 1 0 0 0 1 0 0 0 0 0 0 0 0 0 0 0 0 0 1 0 1 0 1 2 1 0 1 0 0 0 0 0 1 2 1 0 1 2 3 4 3 2 1 2 1 0 0 0 0 0 0 0 0 0 0 0 0 0 0 0 0 0 1 2 1 0 1 0 0 0 0 0 0 0 0 0 0 0 0 0 1 0 0 0 0 0 1 2 1 0 0 0 1 0 0 0 0 0 1 0 0 0 0 0 0 0 1 0 0 0 1 0 0 0 1 0 0 0 0 0 0 0 1 2 1 0 1 0 0 0 0 0 1 0 1 0 0 0 0 0 0 0 1 0 0 0 1 2 1 2 1 2 1 0 1 0 0 0 0 0 0 0 1 2 1 0 0 0 0 0 0 0 0 0 0 0 0 0 0 0 1 2 1 2 1 0 0 0 0 0 1 0 0 0 1 2 3 2 3 2 1 0 0 0 0 0 0 0 1 0 1 0 0 0 0 0 1 0 0 0 0 0 0 0 0 0 0 0 0 0 1 2 1 0 0 0 1 0 0 0 0 0 1 2 1 2 1 0 0 0 1 0 1 0 0 0 0 0 0 0 0 0 0 0 1 0 0 0 0 0 0 0 0 0 0 0 1 0 1 0 0 0 0 0 0 0 0 0 1 0 0 0 1 2 1 2 1 2 1 0 1 0 1 0 0 0 0 0 0 0 1 2 1 0 0 0 1 0 0 0 0 0 1 0 0 0 1 0 1 0 0 0 1 0 1 2 1 0 0 0 0 0 0 0 1 0 1 2 3 4 5 6 5 6 5 4 5 6 5 4 5 6 5 4 3 2 3 2 3 4 5 4 3 2 3 2 3 4 3 2 1 2 1 2 3 2 1 0 0 0 0 0 1 0 0 0 0 0 0 0 0 0 0 0 1 0 1 0 1 0 1 0 1 0 0 0 0 0 0 0 0 0 0 0 0 0 0 0 0 0 0 0 0 0 0 0 0 0 0 0 0 0 1 2 1 0 1 0 0 0 0 0 0 0 1 0 0 0 0 0 1 0 0 0 0 0 0 0 1 0 0 0 0 0 0 0 0 0 0 0 0 0 1 0 1 0 0 0 0 0 0 0 1 0 0 0 1 2 1 2 1 2 3 2 1 0 0 0 0 0 0 0 0 0 0 0 1 0 0 0 0 0 1 2 1 2 1 2 1 2 1 0 1 2 1 0 0 0 1 0 1 0 0 0 0 0 0 0 1 2 1 0 0 0 1 2 3 2 1 0 0 0 0 0 0 0 1 0 1 0 1 0 0 0 0 0 0 0 0 0 1 0 0 0 0 0 0 0 1 2 1 0 1 0 0 0 0 0 1 0 1 0 1 0 0 0 1 0 0 0 1 0 0 0 0 0 0 0 0 0 1 0 0 0 0 0 0 0 1 2 1 0 1 0 0 0 0 0 0 0 1 0 1 0 1 2 3 4 3 2 1 2 1 0 0 0 0 0 0 0 1 0 0 0 1 0 0 0 1 0 0 0 0 0 1 0 0 0 1 0 1 0 1 2 1 0 1 2 1 2 1 0 0 0 0 0 0 0 1 0 0 0 0 0 1 0 0 0 1 2 1 2 3 4 3 2 1 2 3 2 1 2 1 2 1 2 1 0 1 2 3 2 1 0 0 0 0 0 0 0 1 2 3 4 3 4 3 2 3 2 1 0 0 0 0 0 0 0 0 0 0 0 1 0 0 0 1 0 0 0 1 0 1 2 1 0 1 0 0 0 0 0 1 2 3 4 3 2 1 0 1 2 1 2 1 0 1 2 3 2 1 2 3 2 1 2 3 2 1 2 1 0 1 2 1 0 0 0 0 0 0 0 1 0 0 0 0 0 0 0 1 0 0 0 0 0 1 2 1 0 0 0 0 0 0 0 1 0 1 0 0 0 0 0 0 0 1 2 3 2 3 4 3 2 3 4 3 4 3 4 3 4 5 4 3 4 3 2 1 0 1 2 1 0 1 0 1 0 1 2 1 2 1 0 0 0 0 0 0 0 0 0 0 0 0 0 0 0 0 0 0 0 0 0 1 0 1 0 1 2 3 2 1 0 1 2 1 0 1 2 3 2 1 0 0 0 0 0 0 0 0 0 0 0 1 2 3 2 3 4 3 2 3 2 3 2 3 4 3 2 1 0 0 0 0 0 0 0 0 0 0 0 0 0 0 0 0 0 0 0 1 0 0 0 0 0 0 0 0 0 0 0
