# Created by Octave 2.1.71, Wed Oct 31 10:42:52 2007 ART <scoffey@labu169>
# name: resultados
# type: matrix
# rows: 1
# columns: 13
 3.20462947428715 3.84901280540743 0.185483870967742 0.365917236884979 1.00632998076438 5.12903225806452 31 0.138768013442742 0.150550441053656 0.000844323234066936 0.000833357803874442 0.00328039207883376 0.331042204503651
