# Created by Octave 2.1.71, Wed Oct 31 10:30:10 2007 ART <scoffey@labu169>
# name: aux
# type: matrix
# rows: 1
# columns: 1000
 2.96010226512758 4.29720705805585 5.20935141648738 5.29692440521394 5.60696690051974 6.97821104011408 7.35280030558027 8.25933638624197 9.47887092288104 9.51491460459782 10.5629940532706 12.439003614123 12.6324000979666 13.0536458116824 13.7831038597554 14.5500005479018 14.5777939944615 15.1871322751065 17.5088057235787 21.3464532370308 24.9126396778166 25.3047999502974 26.0894069909815 28.6963406015563 30.9477996212466 31.1284369916878 31.2499880126885 32.3466683516819 32.9307802776191 33.2988933285192 34.0535363456907 35.7378255278339 35.8666972110526 38.7683048339003 38.8687604385286 39.5734261779311 39.8099607685168 40.9752791330588 41.8093246725806 43.3421839463131 43.5883018994851 43.8305951528051 46.3546118162825 46.5560834934652 48.8664053753218 49.1136587719749 51.4493905486037 51.6692601715454 52.4330629216303 54.3128315514745 54.347086006221 54.5246517341287 54.995076516466 56.899468316375 58.1142325349088 59.2370572718324 60.6936970595084 62.1369046674642 62.730004853161 63.1268976622708 63.2191971479327 63.44755047516 64.8838357177244 68.744435054611 69.0548406945206 69.7804625951986 71.7035352718352 72.7837162857851 73.1707125059943 75.2864134020147 75.9547653104774 76.5029824874709 76.9000527393335 77.2909197013059 77.5480602346446 78.726528000592 79.8142325011758 80.4473723922465 81.2524442505148 82.3646944398455 82.6192888348718 82.6239610403319 82.649903671394 83.1892407449555 83.719007637513 83.7541482799775 83.9169482164597 84.1610014414838 84.1969007206803 85.6561848890383 85.718200725315 85.8774593760614 87.3397300734537 87.4301476577045 87.7422919236275 88.7026874951606 88.7726537261404 89.6831435169707 89.7004733205524 89.773141610732 90.1964910763657 94.0918874681191 94.668142832517 94.8000851678015 95.7282819920388 96.2920173751125 96.5857788973462 97.4308486613808 98.0207496242001 98.1991819276368 98.3892762240563 100.273272081733 100.577662580101 101.888733534533 105.435719306584 105.50831946556 105.58077057467 106.263330416516 106.425497928354 107.915340077397 109.981117705465 111.99367281241 112.007386289406 112.430915521956 114.514227875431 115.970458281578 120.499245942993 120.573474484133 121.398461084939 128.569822587764 129.872573705655 133.450388858427 133.51549088193 133.706381942118 135.830254247435 136.009421145134 136.607321999702 137.590891874645 138.492791291933 139.570065044344 139.940195887235 140.341555090758 141.432544074452 143.471420670096 143.833652080064 144.301246514319 144.851488761073 145.929141742548 146.346908834201 146.362839699446 150.375992843865 154.838909268284 155.204381577434 155.274244092384 156.831047460254 157.247118228717 157.667559006166 158.389728010232 158.408693493428 158.457182760345 158.559557368891 158.635680998797 159.705537071185 160.234187565553 160.51732054676 161.251436967564 162.327460409742 163.311989061579 164.389459302357 164.718047067418 164.953114976039 165.004756523752 171.70583870708 172.33421496776 172.815352463444 174.480805796559 174.763443089156 174.83254908709 176.566420326308 178.750021797732 178.868803142178 179.194060431153 181.057928644201 183.404664752263 184.166011916597 184.299022018523 185.680252298772 185.970626463707 187.080033544166 188.894975669468 189.270956151321 189.597076798317 191.890339082675 191.995485838492 192.493049247175 194.056462933771 197.778760695261 199.891681042154 200.82670375514 202.109927502801 202.952487245881 204.95415978439 205.386487947457 206.331499363427 206.832807258451 210.426903733582 210.640356595162 211.78694627422 212.720114869444 212.900575327425 214.297809841796 214.338831322324 214.89334801069 219.178437987945 219.326901045158 220.146365142789 224.365245092662 224.876616015576 225.642306195865 226.117363344096 226.410758724374 227.930240434359 228.077536142184 231.146360936232 231.264333502147 232.467326832978 232.928763903463 235.082733012272 236.913911080942 238.874053405353 239.352048298033 241.79867198349 241.827287399789 242.134672483683 242.191227528133 243.802713014855 245.41918331615 245.769388482071 245.777551177279 246.496123989672 246.86809778691 247.517653872814 247.989191242724 248.472443060819 251.193479748999 251.511206390454 251.57965549596 252.772832271636 255.763442875124 258.82289502458 260.303903545259 261.015264320328 261.887525125051 262.183632610828 263.560727215409 263.641759729136 263.888103033199 263.987756826133 265.136322266484 265.664575102261 268.739608708453 270.039668557074 270.419919614587 272.480497692813 273.750233952151 274.83644252616 275.795236981936 277.868922974337 278.66701769119 278.917837400638 279.038915724819 280.025826322472 287.359164648869 287.715703009007 288.053423477876 288.171746778536 291.167245670571 291.328346231345 291.893121792612 291.927700710957 292.431249192996 292.431839716967 292.817488932467 293.469504083399 294.303450918524 294.376777206616 295.339094265323 296.54943428717 297.00500128887 297.486894666791 298.322433078892 298.934406960642 299.909691220414 300.759681570977 302.63616159838 303.796911312319 304.761172112334 306.54014781835 308.888262065211 309.778142920035 310.455626593554 313.799885571103 317.72436918519 318.148493738242 318.239985121749 318.635042768747 320.656510692808 322.140335924523 323.009795744028 324.197468969559 324.877355323897 325.506720860827 325.833876718822 326.094181423954 326.855281196301 327.26212324752 328.469074768244 330.04550717071 331.723378700597 332.014342142989 332.476154981755 333.628162827354 334.329532353303 334.596125533345 335.05897425574 335.555786890121 337.061087702069 337.188608500782 341.906673826517 343.410626723387 343.518150073651 344.162696237709 347.947086046251 348.094333582029 348.811447916894 349.982592472101 351.481340297743 352.074855780366 352.84929381773 353.362269473723 353.370571838476 354.638686299612 355.12022505442 360.578975696936 360.740708651298 360.817324858884 362.424870720438 363.279338484339 363.517693910631 363.735469977419 365.229442697909 367.472931279494 368.441302121799 370.029348862251 372.778998846799 373.866423883887 374.059488815079 374.138774694229 374.539498212868 375.224872525164 375.589662226628 375.687549369856 375.712104474293 376.769676662975 380.567867139977 381.487489638156 384.114469660678 384.156895591076 385.275654101799 385.437196410135 385.900536118556 387.863544403271 388.571661007881 390.641070658019 390.871757600657 394.495027716379 394.930711099244 395.690945790877 396.272746363863 402.292291186627 402.890598777098 403.268296877187 405.79910565643 407.142880270843 408.027763133323 408.79277044409 409.864028176665 409.951200805784 409.981714861369 410.926913429655 411.725065131806 413.596108364963 414.347817558263 414.385162710676 415.540988967858 417.76264364815 418.129273249971 418.737204776245 419.716374494861 421.449104289146 421.880646969524 425.288379733226 427.248898943747 427.506995721489 427.787001504779 428.375630451603 428.493276621598 428.74860493117 430.588783211657 430.937768071472 431.250693499376 431.37268768999 432.334301957373 434.965619683886 436.095452672804 436.429825832085 436.494167112943 436.651372258505 438.780977040455 440.035349089201 441.27605530717 441.43222284346 441.822522133446 443.704957197665 444.543696721918 444.61590856903 444.634820689574 446.685852736243 446.91807375435 447.719320338166 450.165551996112 454.996902170306 459.391974960858 459.503198200651 460.530640427184 460.535509167626 460.879196464679 463.154047878713 464.565362786417 464.657256545264 464.955834924679 465.06992802 470.862412296726 471.359863169832 471.786878823127 472.480666158992 475.149527734922 478.485736550525 478.902886484602 479.774533987907 479.913169302215 480.778148007569 481.585844061905 482.452314546666 482.703850473555 483.492634452363 486.620205216067 486.942158889334 487.066185521264 488.02296071928 488.206320507451 488.583839473429 490.749145590783 491.781708834182 492.067080308635 492.321980713685 