# Created by Octave 2.1.71, Wed Oct 31 10:30:09 2007 ART <scoffey@labu169>
# name: time_arrivals
# type: matrix
# rows: 1
# columns: 1001
 2.65664362146576 2.77632551073454 4.30002604735576 4.31177094168164 5.22368798611398 5.65253950565574 5.9035503369365 7.8179672718482 8.00004412191384 8.1114551201049 10.5493719402638 12.1606167449224 12.2013835669318 12.413460600103 13.6057639741042 13.829915485847 14.1410462985085 14.9140803824046 17.0686112224457 21.0154104135714 24.3412120225827 24.7397375060224 25.7808319599032 27.9036128828383 28.0151363576221 29.0247076836348 29.7593657382014 29.8511661257528 31.358881500232 31.7020178769764 33.0479150621922 33.9407664723545 34.573122993355 37.7000943567752 38.5046324136784 39.2955730219026 39.5796302392359 40.9194130648722 41.6061440485189 43.0243521379905 43.1778337212884 43.2470050990729 46.1892429560228 46.4113352467411 48.3276771743293 48.8484300493029 50.7633441913021 50.9326836132086 52.1237678360252 53.8008372838928 53.8638201741194 54.1553189730709 54.5311601777387 55.9260866184606 56.405669483102 57.1278829852014 58.5496342754735 59.1492834679467 59.7236084360491 59.7661826252055 61.7387467316342 62.8028507463058 64.1143386255211 68.0859070008356 68.8613119493588 69.5077769215249 70.6757637583463 72.7552438053679 72.8023606585991 73.0856058436903 73.3205254694775 74.2142692662929 75.1642067241568 75.6352025714097 76.0540380409356 77.19054566804 78.1013537334178 79.0970107499954 79.4940041162834 80.1702863656795 80.7909288868024 81.0334229754931 81.0562025022671 81.4787783786236 81.5944769563191 81.8344190328152 82.0919655087871 82.1011741382692 82.5721557617698 82.7258634983862 82.9607200260916 83.468631022323 85.116030190553 85.4896787855989 85.6128126269222 85.6616104860809 87.0054758301191 88.8031765424381 88.9080512260853 89.2663883233682 89.7766699643175 89.8496071890549 90.6598646579241 91.8167011403113 91.8348493972872 92.0422390772875 92.6758286373543 93.9933778586793 94.5961198470438 96.8664939227365 97.9284528016682 100.041998929054 100.11359212729 101.597610180964 103.281722999918 103.801992290448 104.576316243546 104.723471225303 105.4284135387 107.899915936642 109.891203160156 110.618076945454 111.441052997066 112.266031796943 113.905658475544 115.893675341109 119.51168231044 120.491958267553 120.983257333185 128.401526438012 129.65110771114 132.267091387679 132.864949174416 133.205858302966 135.663591383628 135.839934950782 136.394119542318 136.504143614304 136.766771658151 138.926931098392 139.83537229911 140.245651980579 140.2494729552 141.213898627199 142.171475484066 142.245969915703 142.792039124551 144.007770714431 145.640436305093 145.911362501992 148.495358262561 153.190512590424 154.182840587447 154.876130590934 154.943771389764 155.424262637884 155.521712169404 155.601200225924 156.528342519751 156.847224862854 157.001792643619 157.026539302691 157.760668700441 159.718084738369 159.982355718346 160.79927745523 161.625582189849 162.612998501863 163.634681085373 163.86520716791 164.494651632474 164.720943444912 169.876027502787 170.856024068064 171.410536749243 172.984525724511 173.138690093632 173.216062193267 173.881749379232 175.561611134929 176.140428981581 178.395699037767 180.060281772208 183.338695454673 183.745472635951 183.99422950066 184.824744288858 185.480093489952 187.049121933243 188.516196742501 189.080276391032 189.283204423092 190.992152131411 191.036440322413 191.803809188914 193.910862774349 195.906014611233 199.589643650308 199.941218412317 201.988114186214 202.836918963638 203.026144510046 203.982726437169 204.417486222962 206.501367721903 207.9729933493 208.531068709771 209.501196472266 210.285723695482 212.303570806293 213.635991284654 214.332446983324 214.715482588965 218.36592951873 218.611302741763 219.953187686422 224.250638301957 224.572385182145 224.932025524016 225.934688149508 226.218871200206 227.369282496532 227.621751383598 230.729697594225 230.931641944385 231.166331134452 232.349390787903 235.055418697566 236.635832148732 237.530436247478 238.021229148965 240.691652196185 240.816101832098 240.855872255908 241.222985745481 242.909288096509 243.95921557351 244.403076754145 244.4454795429 244.784828451745 246.553256697586 246.685070228027 247.659665945878 248.426855333906 250.633027632828 250.691014115618 251.08675577979 252.728895011033 255.702632081961 258.670990088563 259.003072068889 260.743099634846 261.004905672878 261.275863600121 261.406023110106 261.871614110793 263.211288726425 263.458563853246 263.529300590329 265.0531867385 268.477648631034 270.019217065511 270.279869174936 271.920672113057 271.926214463044 274.391566916997 275.116495159794 275.229192063821 275.762640350614 277.084922548705 277.569965712687 279.951406803842 286.059145292244 287.421680937793 287.799963340749 288.085815318902 290.33784449014 290.877838486585 291.01898864549 291.366437773218 291.432764760486 292.005459851196 292.010107159331 293.313990784421 293.940791095445 294.359875865248 294.823362385941 295.122021996318 295.953497594571 296.876032352524 297.900986387141 297.97157062283 299.021137178242 300.51816674502 302.590733687044 303.420944087503 304.453255747995 306.255885503584 308.568132002876 309.505872621322 310.314168150195 313.572692562277 315.648629894926 316.327937951907 318.029532229797 318.266541541654 320.014629505324 321.080084549124 322.714395662725 323.007153013805 324.653390172466 325.146991487735 325.350105943839 325.376038914212 326.610054774752 327.239412333967 327.797899161992 329.214715441565 330.822353781441 330.952915078975 331.458964344893 333.034724471621 333.169973611901 333.503919587976 333.947180029204 335.366425071205 337.020569289081 337.116302161099 341.769971691265 343.256182845147 343.452461311473 343.641919152889 346.948593586727 347.334785363603 348.678273615876 348.887534293497 349.305699018027 351.625446464381 352.480387035452 352.697743792453 353.084206775419 354.136756309769 354.182369083218 359.820886356066 360.489974178162 360.68588135548 361.690310768182 362.064627413872 362.305879163446 362.611365829123 364.746198505737 366.788003127801 368.420592845967 369.603419820499 372.55064867217 373.287299697923 373.470786106974 373.823710632754 373.89971897329 374.116421705851 375.152441775884 375.325151953568 375.560516469736 376.404635615428 379.773827395247 381.249976846528 382.221164825803 383.317217690889 383.937793691048 384.895030592803 385.390495531634 387.311538058009 387.387682427078 387.632042732875 390.442871766375 392.402546585317 394.663147020331 395.684879111586 396.034806820573 401.446529288502 401.957277886165 402.165295564401 405.67842014642 406.657110372051 407.526357207918 408.05748306101 409.496344255693 409.596250377923 409.766313742773 409.889548104893 410.46163528983 412.40577029034 412.480125001141 414.229265547362 415.464019876835 417.598721586348 418.04196429323 418.709615445918 419.616679887014 421.044205882477 421.834972589202 422.735692452921 422.835673666505 423.510936424813 424.862449260944 424.998355190457 426.662791813044 426.818611344435 427.581825107501 428.440596358602 428.492232670666 430.625334112212 431.752858714262 433.721601137447 435.505983615916 435.648411854821 436.024326058624 436.187582366016 438.711849552156 439.037439354784 440.742921934157 440.885966306283 440.89679691479 442.500630053965 443.114746814132 443.859854468746 444.313156086467 445.908969509337 445.947575201122 446.250068501967 449.165405032256 454.919774748122 457.343678547469 457.459522342554 457.786826718388 459.155996432102 460.200420979896 462.86848118418 463.274910444831 464.604260501669 464.671582344662 464.67340271706 470.743675698313 470.897388439514 471.155110904263 472.231325425856 475.092514893618 477.204853339625 478.489678106731 479.593673088863 479.779197702213 480.628514909378 481.251975660952 481.407482908542 482.685487094458 483.0991849455 484.745349909842 485.025435251355 485.086132194847 485.545268554602 486.127609371715 486.805147672452 488.382810774024 488.755202104646 489.780305987301 