# Created by Octave 2.1.71, Wed Oct 31 10:30:09 2007 ART <scoffey@labu169>
# name: times
# type: matrix
# rows: 1
# columns: 2001
 2.65664362146576 2.77632551073454 2.96010226512758 4.29720705805585 4.30002604735576 4.31177094168164 5.20935141648738 5.22368798611398 5.29692440521394 5.60696690051974 5.65253950565574 5.9035503369365 6.97821104011408 7.35280030558027 7.8179672718482 8.00004412191384 8.1114551201049 8.25933638624197 9.47887092288104 9.51491460459782 10.5493719402638 10.5629940532706 12.1606167449224 12.2013835669318 12.413460600103 12.439003614123 12.6324000979666 13.0536458116824 13.6057639741042 13.7831038597554 13.829915485847 14.1410462985085 14.5500005479018 14.5777939944615 14.9140803824046 15.1871322751065 17.0686112224457 17.5088057235787 21.0154104135714 21.3464532370308 24.3412120225827 24.7397375060224 24.9126396778166 25.3047999502974 25.7808319599032 26.0894069909815 27.9036128828383 28.0151363576221 28.6963406015563 29.0247076836348 29.7593657382014 29.8511661257528 30.9477996212466 31.1284369916878 31.2499880126885 31.358881500232 31.7020178769764 32.3466683516819 32.9307802776191 33.0479150621922 33.2988933285192 33.9407664723545 34.0535363456907 34.573122993355 35.7378255278339 35.8666972110526 37.7000943567752 38.5046324136784 38.7683048339003 38.8687604385286 39.2955730219026 39.5734261779311 39.5796302392359 39.8099607685168 40.9194130648722 40.9752791330588 41.6061440485189 41.8093246725806 43.0243521379905 43.1778337212884 43.2470050990729 43.3421839463131 43.5883018994851 43.8305951528051 46.1892429560228 46.3546118162825 46.4113352467411 46.5560834934652 48.3276771743293 48.8484300493029 48.8664053753218 49.1136587719749 50.7633441913021 50.9326836132086 51.4493905486037 51.6692601715454 52.1237678360252 52.4330629216303 53.8008372838928 53.8638201741194 54.1553189730709 54.3128315514745 54.347086006221 54.5246517341287 54.5311601777387 54.995076516466 55.9260866184606 56.405669483102 56.899468316375 57.1278829852014 58.1142325349088 58.5496342754735 59.1492834679467 59.2370572718324 59.7236084360491 59.7661826252055 60.6936970595084 61.7387467316342 62.1369046674642 62.730004853161 62.8028507463058 63.1268976622708 63.2191971479327 63.44755047516 64.1143386255211 64.8838357177244 68.0859070008356 68.744435054611 68.8613119493588 69.0548406945206 69.5077769215249 69.7804625951986 70.6757637583463 71.7035352718352 72.7552438053679 72.7837162857851 72.8023606585991 73.0856058436903 73.1707125059943 73.3205254694775 74.2142692662929 75.1642067241568 75.2864134020147 75.6352025714097 75.9547653104774 76.0540380409356 76.5029824874709 76.9000527393335 77.19054566804 77.2909197013059 77.5480602346446 78.1013537334178 78.726528000592 79.0970107499954 79.4940041162834 79.8142325011758 80.1702863656795 80.4473723922465 80.7909288868024 81.0334229754931 81.0562025022671 81.2524442505148 81.4787783786236 81.5944769563191 81.8344190328152 82.0919655087871 82.1011741382692 82.3646944398455 82.5721557617698 82.6192888348718 82.6239610403319 82.649903671394 82.7258634983862 82.9607200260916 83.1892407449555 83.468631022323 83.719007637513 83.7541482799775 83.9169482164597 84.1610014414838 84.1969007206803 85.116030190553 85.4896787855989 85.6128126269222 85.6561848890383 85.6616104860809 85.718200725315 85.8774593760614 87.0054758301191 87.3397300734537 87.4301476577045 87.7422919236275 88.7026874951606 88.7726537261404 88.8031765424381 88.9080512260853 89.2663883233682 89.6831435169707 89.7004733205524 89.773141610732 89.7766699643175 89.8496071890549 90.1964910763657 90.6598646579241 91.8167011403113 91.8348493972872 92.0422390772875 92.6758286373543 93.9933778586793 94.0918874681191 94.5961198470438 94.668142832517 94.8000851678015 95.7282819920388 96.2920173751125 96.5857788973462 96.8664939227365 97.4308486613808 97.9284528016682 98.0207496242001 98.1991819276368 98.3892762240563 100.041998929054 100.11359212729 100.273272081733 100.577662580101 101.597610180964 101.888733534533 103.281722999918 103.801992290448 104.576316243546 104.723471225303 105.4284135387 105.435719306584 105.50831946556 105.58077057467 106.263330416516 106.425497928354 107.899915936642 107.915340077397 109.891203160156 109.981117705465 110.618076945454 111.441052997066 111.99367281241 112.007386289406 112.266031796943 112.430915521956 113.905658475544 114.514227875431 115.893675341109 115.970458281578 119.51168231044 120.491958267553 120.499245942993 120.573474484133 120.983257333185 121.398461084939 128.401526438012 128.569822587764 129.65110771114 129.872573705655 132.267091387679 132.864949174416 133.205858302966 133.450388858427 133.51549088193 133.706381942118 135.663591383628 135.830254247435 135.839934950782 136.009421145134 136.394119542318 136.504143614304 136.607321999702 136.766771658151 137.590891874645 138.492791291933 138.926931098392 139.570065044344 139.83537229911 139.940195887235 140.245651980579 140.2494729552 140.341555090758 141.213898627199 141.432544074452 142.171475484066 142.245969915703 142.792039124551 143.471420670096 143.833652080064 144.007770714431 144.301246514319 144.851488761073 145.640436305093 145.911362501992 145.929141742548 146.346908834201 146.362839699446 148.495358262561 150.375992843865 153.190512590424 154.182840587447 154.838909268284 154.876130590934 154.943771389764 155.204381577434 155.274244092384 155.424262637884 155.521712169404 155.601200225924 156.528342519751 156.831047460254 156.847224862854 157.001792643619 157.026539302691 157.247118228717 157.667559006166 157.760668700441 158.389728010232 158.408693493428 158.457182760345 158.559557368891 158.635680998797 159.705537071185 159.718084738369 159.982355718346 160.234187565553 160.51732054676 160.79927745523 161.251436967564 161.625582189849 162.327460409742 162.612998501863 163.311989061579 163.634681085373 163.86520716791 164.389459302357 164.494651632474 164.718047067418 164.720943444912 164.953114976039 165.004756523752 169.876027502787 170.856024068064 171.410536749243 171.70583870708 172.33421496776 172.815352463444 172.984525724511 173.138690093632 173.216062193267 173.881749379232 174.480805796559 174.763443089156 174.83254908709 175.561611134929 176.140428981581 176.566420326308 178.395699037767 178.750021797732 178.868803142178 179.194060431153 180.060281772208 181.057928644201 183.338695454673 183.404664752263 183.745472635951 183.99422950066 184.166011916597 184.299022018523 184.824744288858 185.480093489952 185.680252298772 185.970626463707 187.049121933243 187.080033544166 188.516196742501 188.894975669468 189.080276391032 189.270956151321 189.283204423092 189.597076798317 190.992152131411 191.036440322413 191.803809188914 191.890339082675 191.995485838492 192.493049247175 193.910862774349 194.056462933771 195.906014611233 197.778760695261 199.589643650308 199.891681042154 199.941218412317 200.82670375514 201.988114186214 202.109927502801 202.836918963638 202.952487245881 203.026144510046 203.982726437169 204.417486222962 204.95415978439 205.386487947457 206.331499363427 206.501367721903 206.832807258451 207.9729933493 208.531068709771 209.501196472266 210.285723695482 210.426903733582 210.640356595162 211.78694627422 212.303570806293 212.720114869444 212.900575327425 213.635991284654 214.297809841796 214.332446983324 214.338831322324 214.715482588965 214.89334801069 218.36592951873 218.611302741763 219.178437987945 219.326901045158 219.953187686422 220.146365142789 224.250638301957 224.365245092662 224.572385182145 224.876616015576 224.932025524016 225.642306195865 225.934688149508 226.117363344096 226.218871200206 226.410758724374 227.369282496532 227.621751383598 227.930240434359 228.077536142184 230.729697594225 230.931641944385 231.146360936232 231.166331134452 231.264333502147 232.349390787903 232.467326832978 232.928763903463 235.055418697566 235.082733012272 236.635832148732 236.913911080942 237.530436247478 238.021229148965 238.874053405353 239.352048298033 240.691652196185 240.816101832098 240.855872255908 