# Created by Octave 2.1.71, Wed Oct 31 10:30:07 2007 ART <scoffey@labu169>
# name: time
# type: global scalar
8.1114551201049
