# Created by Octave 2.1.71, Wed Oct 31 10:42:52 2007 ART <scoffey@labu169>
# name: var_corte
# type: matrix
# rows: 1
# columns: 31
 0 4.00191186993721 3.78093203815716 2.71219253771528 2.54502454377151 2.36868913827405 1.70319864467186 1.4584500963619 1.4107435848303 1.13545851034153 1.10842492910424 1.08596660531974 1.15948758708428 0.90024756077992 0.780641376805276 0.692282861253992 0.648779205143799 0.636755807006716 0.561301409576625 0.549652960840325 0.511061637245479 0.500131754707199 0.494211226914745 0.484220153369184 0.453865611242395 0.424638308016283 0.418313704070177 0.410975659456719 0.398243539601584 0.389100291755118 0.389259690127396
